0.005948
0.007260
0.009780
0.010709
0.010782
0.012751
0.008945
0.001010
0.003335
0.007534
0.007298
0.006153
0.008970
0.005851
0.008508
0.007709
0.004887
0.005172
0.004831
0.005458
0.007358
0.005653
0.004753
0.006194
0.006012
0.005942
0.006555
0.005893
0.005067
0.005610
0.004092
0.005871
0.006465
0.005727
0.004633
0.005225
0.005226
0.005824
0.004482
0.005073
0.005957
0.008203
0.004008
0.005911
0.006080
0.007679
0.005132
0.008849
0.007995
0.006955
0.008027
0.006547
0.010378
0.005561
0.005365
0.009863
0.003948
0.009564
0.008818
0.008763
0.005485
0.007799
0.007481
0.007429
0.006335
0.005223
0.007665
0.006307
0.005378
0.006943
0.008605
0.008545
0.007669
0.006754
0.004321
0.007268
0.004388
0.005380
0.004866
0.003581
0.008810
0.007743
0.007244
0.006893
0.006068
0.007166
0.004874
0.007034
0.007408
0.008755
0.010786
0.008021
0.005701
0.005050
0.006534
0.003533
0.005300
0.004093
0.007860
0.007173
0.008565
0.004873
0.005488
0.005466
0.007146
0.007851
0.006507
0.005575
0.008954
0.009887
0.004495
0.005279
0.006846
0.007034
0.007846
0.008212
0.006190
0.005284
0.007533
0.005081
0.007250
0.006203
0.007382
0.010236
0.009913
0.006223
0.009827
0.007031
0.004625
0.008093
0.006720
0.005752
0.007641
0.007454
0.004466
0.005117
0.003713
0.001010
0.004801
0.004301
0.005842
0.005030
0.006337
0.006037
0.005016
0.001010
0.008286
0.005387
0.009548
0.013666
0.010348
