0.004140
0.005373
0.003880
0.003761
0.004631
0.003359
0.004379
0.004245
0.003335
0.005630
0.003232
0.004149
0.004414
0.004146
0.002307
0.001934
0.003987
0.005372
0.004253
0.005250
0.003588
0.004291
0.004296
0.005346
0.004246
0.004618
0.003982
0.003606
0.005592
0.003851
0.001783
0.004702
0.004523
0.003116
0.002166
0.002383
0.003267
0.002663
0.003071
0.002684
0.003783
0.003493
0.002992
0.002111
0.003217
0.003310
0.003475
0.002519
0.004072
0.003929
0.002858
0.003449
0.003529
0.003937
0.002939
0.002868
0.003320
0.003919
0.002923
0.003798
0.004485
0.004013
0.004350
0.003969
0.003359
0.004379
0.004245
0.003335
0.005630
0.003232
0.004149
0.004414
0.004215
0.003416
0.005444
0.004840
0.004498
0.004031
0.003828
0.003651
0.005088
0.004246
0.002110
0.003370
0.004516
0.004280
0.003357
0.003122
0.003970
0.002738
0.003110
0.005849
0.004003
0.003797
0.003523
0.005370
0.003301
0.001746
0.004232
0.003406
0.005248
0.004759
0.005022
0.003619
0.003142
0.003477
0.003881
0.002567
0.001937
0.003988
0.003971
0.002468
0.002348
0.004262
0.003677
0.004512
0.002965
0.003035
0.002209
0.003262
0.001372
0.000576
0.004260
0.005397
0.003967
0.004819
0.003903
0.003475
0.000576
0.003645
0.004294
0.003006
0.003806
0.004794
0.004040
0.005583
0.003733
0.001961
0.002643
0.003763
0.004049
0.004335
0.003090
0.004467
0.003590
0.003333
0.004175
0.003975
0.004089
0.003684
0.003725
0.004606
0.004632
0.002632
0.000576
0.004994
0.003075
0.002425
0.003749
0.002280
0.003149
0.002828
0.002686
0.003752
0.003994
0.002834
0.005101
0.005181
0.003976
0.003102
0.003195
0.003850
0.005044
0.005322
0.004313
0.002133
0.004703
0.004957
0.004919
0.002877
0.002595
0.003668
0.003456
0.003780
0.002326
0.002572
0.004359
0.004214
0.004352
0.002438
0.003286
0.004291
0.003455
0.004432
0.002890
0.002782
0.004834
0.004374
0.002076
0.004703
0.006065
0.002991
0.003144
0.004307
0.003817
0.002825
0.006502
0.005167
0.002962
0.003940
0.004776
0.004238
0.004177
0.005280
0.004702
0.001591
0.006212
0.002734
0.005161
0.004812
0.003992
0.003861
0.003617
0.003092
0.004525
0.004232
0.003567
0.004093
0.003628
0.004457
0.004207
0.002462
0.003329
0.003410
0.004204
0.005161
0.003867
0.004321
0.003948
0.003324
0.004131
0.000576
0.005339
0.004800
0.006649
0.003329
0.005105
0.002215
0.002941
0.003586
0.003975
0.004723
0.003188
0.003841
0.003707
0.004205
0.003858
0.004651
0.003623
0.004335
0.004506
0.005063
0.004262
0.003843
