0.005648
0.004979
0.004025
0.004184
0.004742
0.005678
0.003089
0.002919
0.004757
0.004900
0.004789
0.004487
0.004913
0.005461
0.005593
0.005838
0.004379
0.003986
0.004173
0.004593
0.004135
0.005318
0.006929
0.005504
0.003198
0.005442
0.005027
0.003982
0.004401
0.003979
0.004592
0.005787
0.003021
0.003897
0.004340
0.003918
0.005043
0.004505
0.004677
0.005791
0.004055
0.005377
0.005509
0.005002
0.006173
0.005209
0.005879
0.004163
0.006767
0.003860
0.004932
0.004003
0.004461
0.006023
0.005444
0.007043
0.006717
0.003766
0.004335
0.004525
0.003244
0.003493
0.003824
0.004251
0.004568
0.003472
0.004823
0.004617
0.006666
0.004799
0.004339
0.003259
0.003285
0.004066
0.004483
0.007213
0.004864
0.005094
0.006272
0.004021
0.004308
0.004841
0.005394
0.004523
0.003728
0.004299
0.005011
0.003996
0.004372
0.004566
0.004380
0.003932
0.001802
0.004708
0.003870
0.004293
0.006410
0.003961
0.004405
0.006388
0.005872
0.005365
0.005118
0.006495
0.005675
0.005221
0.006464
0.006280
0.006784
0.006231
0.005379
0.005336
0.003449
0.007605
0.004561
0.004510
0.004151
0.005487
0.005921
0.004326
0.003681
0.005061
0.005233
0.004277
0.002885
0.004448
0.004750
0.003085
0.004233
0.008655
0.006091
0.004426
0.003538
0.003857
0.003960
0.007252
0.007139
0.006649
0.006247
0.002263
0.004948
0.003026
0.004437
0.005260
0.003937
0.005073
0.003821
0.004884
0.005835
0.003817
0.002209
0.002145
0.005332
0.003922
0.004298
0.003262
0.006923
0.005110
0.003891
0.004644
0.007106
0.003903
0.006327
0.005137
0.003117
0.003420
0.006213
0.003344
0.002889
0.006412
0.007186
0.005185
0.005678
0.005267
0.005387
0.004586
0.004530
0.003499
0.005041
0.003795
0.003642
0.004352
0.004732
0.006021
0.004229
0.003675
0.005428
0.005228
0.005385
0.003369
0.006851
0.003766
0.005219
0.004815
0.005470
0.005909
0.002970
0.006143
0.006379
0.004471
0.006541
0.004048
0.004359
0.003856
0.005397
0.001919
0.003544
0.006232
0.003587
