0.003869
0.003262
0.004079
0.002602
0.004194
0.003266
0.002282
0.004119
0.003867
0.003521
0.004207
0.004952
0.004744
0.004909
0.004430
0.004057
0.003633
0.003917
0.004263
0.003188
0.004500
0.002852
0.004443
0.002771
0.003692
0.002949
0.002326
0.002475
0.001632
0.002191
0.003630
0.005273
0.003611
0.002208
0.001306
0.002851
0.002705
0.002838
0.002774
0.003824
0.003711
0.002567
0.003707
0.004117
0.001152
0.003405
0.003545
0.003268
0.002323
0.003056
0.002643
0.003891
0.002797
0.002755
0.002482
0.002847
0.002569
0.004230
0.004599
0.004578
0.004589
0.002449
0.004690
0.002714
0.004607
0.005696
0.002862
0.001483
0.004048
0.002276
0.001497
0.002712
0.002733
0.002299
0.003569
0.003127
0.002912
0.003099
0.002627
0.002351
0.003450
0.004051
0.002400
0.002682
0.002929
0.003139
0.003327
0.002139
0.003764
0.004012
0.002612
0.003440
0.002992
0.003581
0.002788
0.002407
0.002181
0.001884
0.002727
0.003033
0.002672
0.002125
0.003548
0.001935
0.001846
0.002057
0.001824
0.002722
0.002169
0.003542
0.004167
0.003024
0.002779
0.003548
0.004271
0.002422
0.003040
0.002410
0.003370
0.002816
0.002644
0.003137
0.004227
0.002957
0.003193
0.002284
0.001691
0.002429
0.004425
0.004448
0.002667
0.002384
0.003657
0.004422
0.002076
0.001417
0.001942
0.001806
0.003600
0.003399
0.002310
0.002540
0.004821
0.002620
0.003839
0.003812
0.003179
0.004153
0.003144
0.004512
0.002957
0.002975
0.001489
0.002523
0.002053
0.002053
0.000461
0.003529
0.003884
0.004445
0.002785
0.004297
0.003964
0.002091
0.002481
0.003144
0.001470
0.003285
0.002053
0.002053
0.000461
0.003518
0.003508
0.003901
0.002446
0.003475
0.002928
0.002197
0.002668
0.003134
0.003073
0.001111
0.002579
0.002483
0.002409
0.002627
0.001462
0.002904
0.003635
0.001695
0.003603
0.000461
0.004593
0.004812
0.002445
0.003071
0.002360
0.002750
0.002569
0.002714
0.002648
0.002186
0.002617
0.001916
0.002989
0.001764
0.002231
0.003712
0.002089
0.003547
0.003043
0.002070
0.002373
0.004098
0.000461
0.000461
0.001919
0.000461
0.000461
0.000461
0.001683
0.003971
0.004093
0.003844
0.000461
0.002543
0.003269
0.001273
0.003419
0.001994
0.003053
0.001919
0.001764
0.002100
0.003300
0.002410
0.003026
0.003183
0.003393
0.003073
0.001771
0.001800
0.002726
0.002719
0.002704
0.001733
0.003174
0.004003
0.002187
0.000461
0.003532
0.003357
0.003704
0.003623
0.002124
0.002187
0.000461
0.001654
0.004559
0.003816
0.003237
0.004659
0.003279
0.001441
0.003133
0.003407
0.002773
0.001578
0.002520
0.001679
0.002857
0.003073
0.001995
0.003198
0.003064
0.000461
0.003085
0.001611
0.001676
0.003073
0.002153
0.004343
0.002717
0.004328
0.001298
0.002496
0.004200
0.002751
0.004264
0.003424
0.005353
0.003711
0.002484
0.003049
0.002802
0.003189
0.001780
0.001551
0.000461
0.000461
0.000461
0.000461
0.003073
0.003480
0.003372
0.003492
0.001117
0.004167
0.003055
0.003243
0.003270
0.004307
0.003184
0.004082
0.003562
0.003615
0.004249
0.004118
0.003544
0.003167
0.004436
0.002393
0.004185
0.004056
0.002776
0.004821
0.002732
0.003873
0.002726
0.002887
0.004623
0.003378
0.004083
0.004359
0.004076
0.003595
0.002646
0.004524
0.004684
