0.002475
0.002801
0.004064
0.003639
0.004166
0.004150
0.004247
0.005112
0.004625
0.003559
0.005345
0.005990
0.004992
0.004753
0.002902
0.002621
0.002791
0.004094
0.003247
0.002593
0.002837
0.003509
0.003949
0.003079
0.002706
0.002645
0.003197
0.002590
0.003495
0.004339
0.002505
0.003952
0.003589
0.002965
0.002776
0.004335
0.002879
0.004595
0.002443
0.004120
0.003011
0.004300
0.002798
0.004100
0.004816
0.004959
0.004335
0.005163
0.002726
0.003432
0.004854
0.005150
0.005235
0.003413
0.004419
0.004643
0.002017
0.003355
0.004458
0.005518
0.005335
0.006598
0.004502
0.005147
0.005907
0.002085
0.002371
0.003534
0.003989
0.003453
0.004057
0.004721
0.004986
0.003135
0.004379
0.002884
0.002477
0.005605
0.004725
0.001973
0.003549
0.003168
0.002726
0.001492
0.002163
0.003233
0.002934
0.002740
0.002736
0.002638
0.002166
0.002184
0.003436
0.002343
0.002238
0.002009
0.002199
0.003063
0.002654
0.002731
0.003271
0.002942
0.002013
0.001687
0.002854
0.003090
0.002510
0.002852
0.004486
0.004527
0.005957
0.003276
0.002583
0.002453
0.002555
0.002798
0.003645
0.003509
0.005741
0.005611
0.005809
0.004042
0.005858
0.003434
0.004396
0.004327
0.003937
0.002510
0.003723
0.003136
0.003716
0.003502
0.000564
0.003817
0.004635
0.001489
0.004181
0.003780
0.005512
0.003657
0.005046
0.004599
0.005041
0.005930
0.004526
0.002600
0.003940
0.004679
0.004462
0.004743
0.004946
0.003554
0.000564
0.003429
0.003433
0.002252
0.004481
0.002406
0.000564
0.000564
0.000564
0.000564
0.004385
0.004379
0.004507
0.004057
0.004205
0.002076
0.004332
0.005357
0.005185
0.002616
0.005052
0.003990
0.004950
0.003498
0.000564
0.001880
0.000564
0.004385
0.002942
0.004098
0.003933
0.005692
0.005936
0.004547
0.003241
0.004696
0.004991
0.004796
0.000564
0.000564
0.001824
0.000564
0.000564
0.003152
0.005709
0.002288
0.003322
0.002175
0.002752
0.001975
0.002289
0.003257
0.003065
0.003054
0.003257
0.002854
0.002071
0.003637
0.005176
0.000564
0.000564
0.000564
0.000564
0.002434
0.003856
0.003762
0.005130
0.005724
0.003485
0.006011
0.005342
0.006193
0.004237
0.003341
0.005199
0.004612
0.001350
0.001824
0.000564
0.001880
0.000564
0.000564
0.004699
0.004324
0.004022
0.004333
0.002055
0.002422
0.002087
0.003905
0.002579
0.002797
0.003760
0.005337
0.004990
0.004023
0.002304
0.006466
0.003899
0.003164
0.003683
0.004075
0.003814
0.003420
0.004980
0.002788
0.004348
0.003292
0.002981
0.003121
0.003121
0.005475
0.004079
0.002873
0.004758
0.002237
0.003652
0.006399
0.004173
0.003180
0.003683
0.002947
0.003460
0.003909
0.005258
0.006623
0.005488
0.003405
0.005205
0.004199
