0.009297
0.004359
0.007920
0.005514
0.004405
0.007778
0.005837
0.004384
0.008879
0.007051
0.006527
0.005915
0.008612
0.004207
0.007089
0.005461
0.007748
0.006065
0.005969
0.006275
0.007297
0.006298
0.007530
0.007085
0.006445
0.005356
0.004238
0.005627
0.005610
0.006999
0.006189
0.005535
0.006879
0.006417
0.004137
0.006144
0.006338
0.005614
0.004704
0.008789
0.006338
0.005667
0.006663
0.004051
0.005350
0.007662
0.008747
0.004633
0.005851
0.003933
0.004857
0.004669
0.006033
0.005324
0.004472
0.007842
0.007521
0.005857
0.005300
0.006690
0.006510
0.006750
0.007444
0.006309
0.004920
0.005508
0.005850
0.006896
0.007222
0.006463
0.005971
0.005268
0.007189
0.007435
0.005936
0.007997
0.005259
0.007762
0.007678
0.005218
0.004665
0.008941
0.004799
0.006025
0.005892
0.008778
0.005395
0.004414
0.004674
0.005479
0.009200
0.006649
0.005377
0.006503
0.006761
0.005885
0.003918
0.004678
0.005638
0.004290
0.005276
0.006610
0.005781
0.003934
0.008557
0.006342
0.005850
0.006354
0.005738
0.005809
0.005691
0.004117
0.005454
0.005934
0.004488
0.005666
0.005278
0.004728
0.005062
0.003760
0.004719
0.005891
0.005442
0.007547
0.010074
0.006545
0.005213
0.007153
0.007017
0.006477
0.005375
0.005867
0.006106
0.006825
0.007851
0.005599
0.006084
0.006741
0.005062
0.007153
0.005426
0.003057
0.005430
0.008121
0.005127
0.005532
0.006069
0.003521
0.004575
0.007725
0.008100
0.006111
0.008840
0.006280
0.007186
0.005085
0.005710
0.004297
0.004331
0.004379
0.006520
0.005869
0.005071
0.005906
0.005035
