0.004729
0.005382
0.004148
0.003781
0.004304
0.004709
0.004049
0.004776
0.004816
0.004871
0.003831
0.003190
0.005782
0.005196
0.003541
0.003551
0.002327
0.003593
0.003087
0.004433
0.003381
0.003914
0.004002
0.002038
0.002078
0.005510
0.003697
0.003319
0.003488
0.003453
0.003908
0.003215
0.003516
0.001922
0.003941
0.003602
0.004131
0.003169
0.004667
0.004290
0.003358
0.004963
0.004225
0.004174
0.004147
0.003443
0.003397
0.002720
0.004390
0.003143
0.004456
0.003896
0.005165
0.003591
0.007700
0.006290
0.002824
0.003379
0.004307
0.004540
0.003966
0.004256
0.003065
0.002091
0.004610
0.002083
0.003922
0.004310
0.003741
0.002592
0.003089
0.002577
0.002525
0.004030
0.002154
0.002510
0.004556
0.004575
0.005777
0.003830
0.004868
0.002900
0.003811
0.004573
0.003485
0.002332
0.004290
0.004199
0.005474
0.004770
0.003512
0.003101
0.005965
0.005688
0.005088
0.003883
0.004064
0.003825
0.003407
0.003093
0.003538
0.004446
0.005084
0.005970
0.000574
0.002458
0.000574
0.003716
0.002865
0.002955
0.001797
0.003738
0.000574
0.003830
0.006120
0.006002
0.003276
0.000574
0.003830
0.003830
0.003830
0.003171
0.003571
0.003017
0.003830
0.003186
0.002594
0.003332
0.000574
0.004335
0.003617
0.003359
0.001734
0.003970
0.000574
0.003013
0.000574
0.003734
0.004399
0.000574
0.002297
0.001805
0.004752
0.004515
0.004181
0.004702
0.003154
0.004008
0.003367
0.003595
0.003491
0.005179
0.006099
0.003160
0.004037
0.005272
0.002947
0.003507
0.004124
0.003830
0.003830
0.003830
0.002458
0.000574
0.001709
0.000574
0.003619
0.000574
0.003149
0.001921
0.003378
0.004230
0.002769
0.003528
0.000574
0.003619
0.003255
0.003401
0.003079
0.003619
0.005574
0.002599
0.003830
0.002310
0.002532
0.003705
0.005224
0.004692
0.004334
0.004271
0.002998
0.005118
0.005640
0.004933
0.005373
0.005724
0.003755
0.002159
0.003302
0.003504
0.003830
0.003407
0.003525
0.000574
0.000574
0.003485
0.005356
0.005048
0.003830
0.002481
0.002196
0.004131
0.003136
0.001728
0.003504
0.004359
0.003592
0.005253
0.003890
0.003440
0.001740
0.001816
0.002481
0.003183
0.003914
0.004031
0.003299
0.005447
0.004568
0.002437
0.002763
0.004058
0.004573
0.005993
0.004948
0.003853
0.002879
0.005618
0.004866
0.001991
0.004940
0.003095
0.004477
0.002428
0.003966
0.002705
0.004347
0.003578
0.002369
0.003643
0.003273
0.003534
0.003307
0.004976
0.004183
0.002898
0.004577
0.003371
0.005536
0.004192
0.005083
0.002959
0.003660
0.004723
0.003685
0.004425
0.003483
0.005814
0.002741
0.003877
0.004188
0.006301
0.003795
