0.006513
0.008766
0.006465
0.009172
0.006929
0.004831
0.004703
0.006110
0.007247
0.008443
0.007121
0.009512
0.004708
0.005752
0.006783
0.005054
0.004216
0.004688
0.008037
0.006323
0.005638
0.007372
0.006366
0.007422
0.004181
0.004204
0.004349
0.007296
0.006483
0.007357
0.003457
0.004448
0.004177
0.005197
0.006252
0.009201
0.007230
0.004414
0.008052
0.006530
0.005397
0.008263
0.000871
0.005872
0.005679
0.006757
0.009188
0.007515
0.005326
0.008158
0.006368
0.006580
0.007604
0.007118
0.006513
0.007245
0.003917
0.004373
0.006183
0.009331
0.007469
0.005410
0.007254
0.004071
0.003990
0.005250
0.005484
0.004556
0.003351
0.005505
0.008554
0.004973
0.008412
0.006170
0.005762
0.004565
0.006942
0.006848
0.006509
0.005549
0.004384
0.003751
0.005411
0.006206
0.006692
0.004135
0.003453
0.005906
0.006638
0.003548
0.004551
0.004679
0.004352
0.003734
0.003749
0.003531
0.006125
0.005249
0.005389
0.002975
0.005034
0.003984
0.005835
0.003835
0.004341
0.006351
0.006356
0.006764
0.005126
0.003776
0.005969
0.005194
0.005693
0.006200
0.004523
0.003950
0.004688
0.005127
0.006494
0.005398
0.005536
0.004038
0.003930
0.003676
0.003595
0.003709
0.004881
0.007801
0.003708
0.004346
0.004605
0.006379
0.006353
0.005045
0.004124
0.005807
0.005051
0.005715
0.006866
0.005091
0.004078
0.003655
0.004589
0.004139
0.003221
0.005110
0.006348
0.005099
0.007992
0.008054
0.004614
0.005869
0.008706
0.005177
0.005591
0.005952
0.005974
0.004522
0.004778
0.004507
0.006461
0.005603
0.008363
0.005985
0.008076
0.007787
0.010596
0.007750
0.005038
0.010382
0.008140
0.006727
0.005878
