0.007955
0.012087
0.012049
0.009083
0.009318
0.011251
0.007669
0.009533
0.009107
0.008766
0.008634
0.007030
0.007954
0.007329
0.012272
0.008598
0.007939
0.007656
0.005278
0.007241
0.012507
0.011303
0.005323
0.008205
0.012311
0.010598
0.008594
0.010338
0.009150
0.012364
0.007878
0.008685
0.009565
0.009265
0.010086
0.008499
0.007438
0.009190
0.008732
0.010527
0.004802
0.005983
0.006718
0.005560
0.006497
0.007717
0.008134
0.005207
0.009052
0.008949
0.008819
0.008300
0.008829
0.009183
0.010500
0.005781
0.008260
0.008196
0.011856
0.009613
0.010311
0.011282
0.010447
0.008691
0.011774
0.004272
0.009547
0.009359
0.009546
0.010963
0.007670
0.007941
0.010393
0.007971
0.007488
0.008468
0.007479
0.008517
0.009679
0.009344
0.009681
0.009266
0.008251
0.013161
0.006631
0.007967
0.004487
0.008560
0.009070
0.010531
0.007635
0.007460
0.008786
0.008131
0.007899
0.007005
0.009479
0.010323
0.008170
0.006897
0.007833
0.009675
0.009617
0.009711
0.008388
0.009809
0.008916
0.008583
0.011201
0.011408
0.010379
0.008895
0.009795
