0.005675
0.005525
0.005493
0.006901
0.006586
0.002833
0.006482
0.006798
0.007324
0.006334
0.004590
0.005125
0.002915
0.003591
0.003238
0.005826
0.002034
0.005627
0.002130
0.004121
0.002351
0.002779
0.004469
0.008242
0.007649
0.005387
0.005431
0.005487
0.008393
0.007960
0.004330
0.003780
0.004926
0.005063
0.002892
0.006725
0.005987
0.007681
0.003686
0.005459
0.004293
0.003518
0.003148
0.002926
0.004693
0.004459
0.003026
0.005440
0.003116
0.004041
0.004671
0.006427
0.004582
0.004882
0.004612
0.004685
0.004001
0.002402
0.007958
0.005778
0.003486
0.005537
0.004687
0.005880
0.004448
0.006017
0.006178
0.004364
0.007465
0.005928
0.004466
0.003297
0.004686
0.005529
0.004012
0.004168
0.004557
0.004232
0.004282
0.006438
0.004780
0.005655
0.008337
0.007105
0.004851
0.005195
0.007955
0.005835
0.004534
0.005189
0.005978
0.005072
0.003568
0.005312
0.004729
0.005277
0.006531
0.004308
0.004472
0.002805
0.005093
0.003973
0.004895
0.003807
0.005797
0.007418
0.005752
0.006318
0.004744
0.003843
0.005106
0.006703
0.002323
0.004485
0.005423
0.004613
0.004474
0.003710
0.005760
0.004626
0.004735
0.004018
0.004129
0.004005
0.004438
0.004255
0.006824
0.004742
0.006327
0.002739
0.004471
0.006962
0.006711
0.003630
0.003968
0.003748
0.007725
0.005391
0.004157
0.006317
0.005525
0.004764
0.003944
0.003784
0.004946
0.004343
0.006253
0.003937
0.004059
0.006817
0.005063
0.003279
0.003602
0.002096
0.007622
0.006686
0.006107
0.004392
0.003455
0.005103
0.007106
0.005669
0.006110
0.006284
0.005975
0.004373
0.002760
0.003344
0.003943
0.005117
0.005522
0.005649
0.004239
0.005165
0.004625
0.005970
0.003249
0.004258
0.003726
0.003849
0.002400
0.004558
0.002978
0.004424
0.006262
0.006874
0.004476
0.005289
0.006558
0.006908
0.004849
0.003143
0.006593
0.007656
0.006818
0.003562
0.007252
0.004920
0.003935
0.002671
0.003384
