0.006027
0.007236
0.006977
0.006430
0.006694
0.006233
0.006073
0.004914
0.003947
0.005067
0.005829
0.007598
0.006091
0.005910
0.005243
0.005091
0.003309
0.004773
0.007194
0.007970
0.007537
0.005759
0.004628
0.005076
0.003869
0.005678
0.005596
0.007840
0.005533
0.005459
0.003835
0.005335
0.009131
0.007968
0.004959
0.006075
0.003625
0.006980
0.005254
0.009487
0.007715
0.004622
0.009367
0.005492
0.006395
0.007152
0.005109
0.005691
0.006070
0.008066
0.006097
0.007868
0.006180
0.004121
0.005556
0.006307
0.005275
0.003456
0.004560
0.003448
0.005577
0.003923
0.008824
0.006485
0.005576
0.005875
0.006612
0.003954
0.006188
0.009086
0.003559
0.004191
0.003893
0.006531
0.006643
0.006509
0.004646
0.009081
0.006712
0.007868
0.004622
0.006916
0.004784
0.006205
0.005296
0.004741
0.005288
0.007553
0.007267
0.005639
0.007079
0.004182
0.008791
0.005813
0.004520
0.007783
0.004577
0.005864
0.006496
0.006568
0.007864
0.004145
0.005182
0.007689
0.009385
0.003867
0.006150
0.004820
0.005859
0.004276
0.004485
0.005272
0.004465
0.005780
0.002729
0.003710
0.003410
0.003850
0.006584
0.005050
0.004589
0.005494
0.004984
0.007085
0.004771
0.002717
0.004178
0.005790
0.009661
0.007972
0.003821
0.006146
0.008856
0.006720
0.005137
0.005750
0.005170
0.007268
0.004055
0.005435
0.007368
0.005339
0.007090
0.007362
0.004549
0.006023
0.007172
0.005007
0.005025
0.004363
0.005139
0.005780
0.006893
0.005115
0.004359
0.005491
0.005880
0.006838
0.005752
0.004469
0.004913
0.007027
0.004223
0.003760
0.004538
0.004548
0.003170
0.005475
0.006584
0.005943
0.005590
0.005771
0.004777
