0.016780
0.015343
0.016278
0.012066
0.009919
0.013328
0.012172
0.009937
0.012575
0.009572
0.007566
0.012815
0.015629
0.017993
0.012120
0.017516
0.012923
0.015934
0.011147
0.013449
0.014163
0.009745
0.009578
0.015978
0.009385
0.012384
0.013063
0.011823
0.010470
0.017394
0.009350
0.010835
0.012953
0.012440
0.015628
0.010269
0.013224
0.009781
0.014538
0.007463
0.011381
0.011147
0.013371
0.001847
0.010904
0.011986
0.006761
0.012939
0.001847
0.011557
0.011673
0.009862
0.014063
0.012108
0.012380
0.008622
0.011652
0.011709
0.011823
0.015825
0.014776
0.013184
0.014111
0.010810
0.010405
0.011834
0.019814
0.011333
0.001847
0.009387
0.001847
0.011033
0.001847
0.010129
0.008112
0.013640
0.013032
0.008240
0.001847
0.016843
0.001847
0.009003
0.014127
0.001847
0.014897
0.012774
0.011625
0.010822
