0.008504
0.014870
0.012004
0.020129
0.008504
0.014870
0.012004
0.020129
0.014918
0.014780
0.015780
0.009753
0.011601
0.009644
0.008264
0.009991
0.011410
0.016881
0.013061
0.012547
0.013168
0.014496
0.013311
0.011840
0.016806
0.014499
0.017470
0.012912
0.008032
0.010356
0.014568
0.012355
0.017970
0.016620
0.015843
0.010073
0.001848
0.016075
0.013749
0.007045
0.013767
0.013376
0.016742
0.010445
0.012014
0.007651
0.009814
0.015036
0.008313
0.008268
0.013331
0.009199
0.010849
0.010653
0.010304
0.008603
0.008085
0.008212
0.016693
0.015856
0.011094
0.011199
0.009872
0.009124
0.012208
0.008764
0.008559
0.015668
0.008768
0.010041
0.013679
0.010661
0.008085
0.009082
0.010509
0.008079
0.012763
0.015602
0.013022
0.016296
0.021390
0.009644
