0.003539
0.005423
0.005082
0.004501
0.005236
0.005950
0.004763
0.005093
0.002374
0.003396
0.003986
0.006249
0.004431
0.005423
0.005256
0.005198
0.004316
0.005166
0.005875
0.005263
0.006192
0.003323
0.003393
0.006318
0.007228
0.005463
0.005041
0.003783
0.005426
0.005232
0.003099
0.003745
0.003833
0.004163
0.004357
0.004467
0.004958
0.004035
0.003328
0.006969
0.002870
0.004901
0.003241
0.003929
0.006485
0.004680
0.003112
0.004037
0.003839
0.004402
0.002099
0.004948
0.004000
0.003867
0.003829
0.003116
0.003303
0.004669
0.004383
0.003271
0.000693
0.003446
0.004564
0.004144
0.004283
0.003707
0.005419
0.004183
0.002450
0.005055
0.006359
0.005870
0.007147
0.007259
0.004390
0.004033
0.001615
0.003480
0.003216
0.003646
0.005576
0.002962
0.004607
0.004879
0.005175
0.006007
0.004876
0.006867
0.004936
0.005264
0.004206
0.004498
0.002876
0.003394
0.003380
0.006157
0.003951
0.005210
0.006353
0.004154
0.003188
0.004753
0.003244
0.006147
0.003168
0.005049
0.004498
0.004631
0.004873
0.003055
0.004028
0.004443
0.006270
0.004107
0.004332
0.003061
0.004021
0.004752
0.004748
0.002916
0.003295
0.002373
0.003487
0.003468
0.003732
0.005181
0.003469
0.004016
0.003468
0.004571
0.003013
0.004219
0.004012
0.004466
0.006266
0.004439
0.002737
0.005367
0.006620
0.005106
0.004031
0.004489
0.005558
0.000693
0.003567
0.005228
0.005434
0.005998
0.002975
0.003743
0.003952
0.006372
0.003831
0.002912
0.002691
0.006547
0.004397
0.003309
0.004179
0.006641
0.005070
0.005864
0.004194
0.005545
0.004616
0.004753
0.006068
0.005566
0.004570
0.005254
0.005234
0.006258
0.004895
0.003716
0.005305
0.004107
0.005537
0.006488
0.005551
0.007856
0.002516
0.004491
0.003340
0.004322
0.005819
0.004631
0.006608
0.005339
0.003316
0.004890
0.004966
0.006091
0.006012
0.004639
0.004909
0.005673
0.005770
0.003595
0.005063
0.007629
0.003390
0.004333
0.005899
0.004152
0.004353
0.004078
0.005369
0.005131
0.005147
0.004690
0.007095
0.004863
0.005210
0.004756
0.005932
0.005413
0.006243
0.002598
