0.005781
0.007959
0.006519
0.008325
0.005695
0.006880
0.004618
0.004963
0.006970
0.005826
0.009128
0.005343
0.011238
0.006967
0.006829
0.010285
0.008545
0.005199
0.006391
0.008572
0.009344
0.006747
0.003510
0.007255
0.004542
0.007142
0.006418
0.006325
0.003138
0.003531
0.008493
0.007152
0.006141
0.004592
0.004916
0.004228
0.005279
0.005444
0.006391
0.006617
0.007739
0.007570
0.007189
0.006897
0.006848
0.003749
0.005295
0.005510
0.006623
0.004692
0.005755
0.005132
0.003102
0.005964
0.006107
0.004279
0.003833
0.005410
0.003317
0.002820
0.006265
0.004751
0.005027
0.004470
0.005964
0.006661
0.003778
0.005485
0.004334
0.006148
0.004361
0.004651
0.004013
0.006628
0.005573
0.006819
0.007244
0.007642
0.007079
0.006037
0.008122
0.004894
0.006849
0.005285
0.003313
0.006955
0.008751
0.006759
0.005291
0.005957
0.007307
0.006421
0.008491
0.006946
0.007812
0.005071
0.003507
0.002885
0.005228
0.006881
0.004979
0.006888
0.005031
0.007217
0.006342
0.005689
0.008977
0.004822
0.005793
0.005719
0.004751
0.004630
0.005862
0.005795
0.005217
0.005782
0.005532
0.006631
0.007268
0.007570
0.007189
0.005564
0.003232
0.002730
0.004159
0.004371
0.003212
0.004934
0.005043
0.005114
0.005107
0.005536
0.006493
0.003977
0.004404
0.004173
0.006221
0.006169
0.005072
0.007774
0.008727
0.005337
0.005098
0.004385
0.005168
0.004364
0.004573
0.006708
0.005824
0.006310
0.007812
0.006311
0.005363
0.004351
0.006916
0.004967
0.003699
0.004741
0.003046
0.005643
0.007212
0.006355
0.004852
0.007420
0.008540
0.005050
0.007555
0.004522
0.007099
0.008357
