0.010950
0.008745
0.006505
0.011058
0.007662
0.009751
0.007357
0.006900
0.003796
0.005105
0.008009
0.006326
0.005633
0.006386
0.004561
0.007371
0.007268
0.007926
0.005948
0.006362
0.008727
0.012081
0.007823
0.009122
0.011256
0.009356
0.009429
0.009017
0.006082
0.008442
0.006897
0.007440
0.006984
0.009535
0.006295
0.007258
0.006458
0.005690
0.008151
0.007334
0.008103
0.009005
0.006470
0.006535
0.006898
0.011169
0.011977
0.012258
0.009603
0.006512
0.006731
0.010693
0.011581
0.010189
0.009008
0.009050
0.005075
0.009379
0.005949
0.005815
0.008835
0.007177
0.008612
0.006339
0.009631
0.006184
0.010489
0.011286
0.005582
0.003724
0.007480
0.009585
0.010232
0.007585
0.006148
0.004403
0.008654
0.008117
0.007990
0.007896
0.007181
0.010047
0.008727
0.009323
0.001199
0.009827
0.007953
0.005827
0.008796
0.010677
0.009258
0.011362
0.007676
0.007938
0.010161
0.005480
0.008653
0.009808
0.004267
0.008640
0.007382
0.008844
0.008510
0.003934
0.010041
0.007922
0.007192
0.009174
0.008649
0.007507
0.007769
0.007064
0.007804
0.007310
0.006149
0.008528
0.007074
0.007357
0.007834
0.006980
0.007108
0.005742
0.009606
0.010934
0.007502
0.008334
