0.008499
0.008057
0.008805
0.010927
0.010861
0.005266
0.008639
0.007275
0.007145
0.007127
0.009613
0.008623
0.007654
0.008144
0.008454
0.009078
0.012701
0.009984
0.012167
0.008074
0.010147
0.008298
0.006718
0.004797
0.005382
0.008734
0.005995
0.006369
0.007632
0.010665
0.008886
0.010547
0.006964
0.007540
0.008561
0.009892
0.007002
0.007757
0.005846
0.007513
0.005437
0.008163
0.006826
0.007462
0.005470
0.005250
0.009532
0.007892
0.007540
0.007462
0.004508
0.005989
0.010614
0.008219
0.006914
0.008128
0.011159
0.008329
0.011448
0.006529
0.007868
0.011449
0.007461
0.007544
0.008090
0.008057
0.009346
0.007652
0.008927
0.009052
0.009645
0.010169
0.006759
0.005920
0.010596
0.007944
0.010527
0.007305
0.007237
0.010275
0.009244
0.011191
0.008717
0.007751
0.005395
0.008450
0.009272
0.007666
0.008954
0.001248
0.008057
0.008695
0.008328
0.009853
0.011672
0.006578
0.010599
0.008427
0.012301
0.008756
0.008230
0.011089
0.008498
0.007649
0.010427
0.008659
0.006798
0.010913
0.006776
0.006646
0.004763
0.006625
0.009340
0.007730
0.006841
0.006213
0.008817
0.008981
0.008679
0.008824
0.009315
