0.004403
0.006367
0.006718
0.005381
0.006901
0.009357
0.009037
0.007555
0.004775
0.005802
0.006991
0.007718
0.004604
0.004805
0.004856
0.005976
0.007706
0.004272
0.005677
0.005229
0.007529
0.008118
0.008160
0.008422
0.005795
0.005223
0.009521
0.006856
0.009172
0.006794
0.003894
0.003983
0.006774
0.006506
0.007479
0.006639
0.005190
0.005506
0.006664
0.008250
0.006403
0.004644
0.005384
0.008368
0.007427
0.006375
0.006412
0.007388
0.005898
0.005390
0.004760
0.005488
0.005890
0.004445
0.005012
0.005849
0.004254
0.004169
0.005272
0.005204
0.004199
0.007199
0.006309
0.003513
0.007236
0.008102
0.005385
0.006095
0.010144
0.007396
0.005542
0.006563
0.006892
0.006497
0.005720
0.005760
0.006455
0.005884
0.006412
0.003682
0.006323
0.008129
0.005371
0.006182
0.006004
0.007725
0.008014
0.007085
0.007959
0.006572
0.008188
0.002840
0.006243
0.008833
0.007921
0.005299
0.004921
0.007174
0.005117
0.003735
0.005748
0.006583
0.008094
0.004659
0.005119
0.007985
0.004624
0.007423
0.007609
0.005010
0.005110
0.007192
0.002733
0.005430
0.006379
0.004942
0.008240
0.008316
0.007005
0.005190
0.004551
0.005440
0.006645
0.008133
0.000948
0.002978
0.007785
0.004484
0.004960
0.006872
0.006259
0.004892
0.007553
0.007765
0.008160
0.003949
0.005896
0.007198
0.008286
0.008039
0.006045
0.006068
0.003372
0.004654
0.006920
0.007668
0.005606
0.008005
0.006443
0.007109
0.007677
0.005673
0.007666
0.006291
0.008519
0.005545
0.006708
0.005737
0.010852
