0.005092
0.005149
0.005591
0.005890
0.006461
0.004285
0.005408
0.004900
0.005382
0.005765
0.003382
0.004273
0.005718
0.005177
0.004322
0.006145
0.004880
0.003422
0.005048
0.004096
0.003730
0.005794
0.004657
0.004156
0.005713
0.005930
0.006597
0.004978
0.006462
0.002681
0.006052
0.006114
0.003278
0.006942
0.004885
0.002652
0.005902
0.005120
0.002589
0.002733
0.005222
0.004050
0.002153
0.003470
0.005677
0.004555
0.004390
0.005033
0.005745
0.005701
0.004556
0.004971
0.003797
0.006309
0.005293
0.005728
0.006658
0.004102
0.003376
0.003703
0.004915
0.008657
0.006164
0.005960
0.002592
0.007167
0.005488
0.005723
0.004945
0.004439
0.005852
0.004930
0.005382
0.005315
0.006247
0.005108
0.004156
0.004346
0.005691
0.005773
0.004455
0.005173
0.004749
0.004511
0.004853
0.005039
0.005256
0.001885
0.002202
0.004154
0.003674
0.005407
0.005054
0.005364
0.005593
0.003380
0.005211
0.003678
0.006926
0.006623
0.005904
0.003928
0.003846
0.005122
0.006066
0.005716
0.003549
0.007404
0.003018
0.005355
0.003721
0.004470
0.003830
0.004524
0.004344
0.004480
0.004481
0.004687
0.006782
0.004641
0.004518
0.005090
0.003296
0.003839
0.004531
0.005361
0.003440
0.005538
0.005438
0.004283
0.005766
0.003600
0.004855
0.005064
0.003169
0.003916
0.003762
0.002873
0.003878
0.004691
0.005813
0.006594
0.005317
0.004110
0.004057
0.005192
0.006268
0.004461
0.007098
0.005045
0.005792
0.003729
0.002593
0.004456
0.004306
0.004723
0.003820
0.007125
0.005542
0.004418
0.004623
0.002578
0.005605
0.004460
0.005247
0.005013
0.005274
0.005717
0.004341
0.004322
0.004364
0.005202
0.006139
0.004002
0.005336
0.004770
0.004282
0.004247
0.004029
0.004443
0.004210
0.004793
0.005556
0.005237
0.003010
0.005658
0.003812
0.005500
0.005220
0.004338
0.005921
0.005143
0.004159
0.004507
0.003892
0.004553
0.004497
0.004113
0.003680
0.003440
0.003081
0.005195
0.007181
0.005048
0.006156
0.005184
0.005812
