0.003070
0.003529
0.001668
0.002400
0.003242
0.002530
0.002638
0.002558
0.002139
0.001166
0.002996
0.001930
0.000499
0.002977
0.002505
0.000499
0.003147
0.000499
0.003224
0.002322
0.002874
0.003642
0.003207
0.002545
0.003869
0.003366
0.002221
0.001751
0.003450
0.003757
0.001755
0.002201
0.002913
0.001512
0.002964
0.003580
0.002875
0.002178
0.002295
0.002520
0.003243
0.004215
0.003807
0.002921
0.002737
0.004782
0.002238
0.002014
0.003610
0.002422
0.003417
0.002971
0.002154
0.003948
0.003108
0.003569
0.002266
0.003605
0.002357
0.001762
0.002700
0.003284
0.003001
0.002236
0.003455
0.004237
0.002724
0.005453
0.002885
0.002864
0.001952
0.002298
0.003757
0.003085
0.004279
0.002353
0.002490
0.003445
0.004574
0.003046
0.003139
0.002346
0.002578
0.003040
0.002879
0.002678
0.002835
0.002535
0.004129
0.002996
0.003293
0.002638
0.004326
0.002994
0.003452
0.004019
0.002946
0.003512
0.002488
0.002875
0.001707
0.004674
0.004672
0.004103
0.002339
0.003076
0.003175
0.002588
0.003511
0.002646
0.002206
0.004550
0.003167
0.004358
0.003564
0.003015
0.004025
0.004774
0.003794
0.003654
0.003525
0.002669
0.002989
0.003564
0.003817
0.002995
0.002457
0.003305
0.003236
0.002741
0.003243
0.002900
0.002866
0.003970
0.005352
0.003881
0.004224
0.003048
0.003400
0.004221
0.003905
0.003694
0.002729
0.002318
0.003718
0.003638
0.003025
0.004590
0.003939
0.005334
0.004136
0.003193
0.002723
0.004524
0.003620
0.003442
0.002353
0.004710
0.003152
0.003092
0.003403
0.003244
0.004530
0.003844
0.004108
0.003218
0.005244
0.003057
0.002580
0.003603
0.004169
0.002615
0.005449
0.002859
0.004155
0.003069
0.005430
0.004372
0.002654
0.002684
0.003847
0.003295
0.002749
0.004518
0.003717
0.002995
0.003366
0.002969
0.002854
0.002607
0.004349
0.004333
0.003223
0.002137
0.002525
0.002269
0.002731
0.004549
0.002445
0.004837
0.003715
0.002732
0.003656
0.003368
0.003121
0.004089
0.004876
0.003179
0.004268
0.003503
0.001635
0.004147
0.002962
0.002803
0.003332
0.002739
0.003015
0.002859
0.005173
0.002932
0.004891
0.005165
0.004012
0.003108
0.003381
0.004649
0.004490
0.002813
0.002450
0.003184
0.003366
0.003913
0.003878
0.002800
0.002551
0.003763
0.003806
0.004926
0.005012
0.004199
0.003218
0.003439
0.004097
0.004492
0.003880
0.002716
0.001966
0.004292
0.003612
0.005398
0.004275
0.003501
0.004066
0.003488
0.003547
0.002846
0.002640
0.003058
0.004371
0.003198
0.003524
0.002842
0.002175
0.004304
0.002426
0.003503
0.003833
0.002949
0.003183
0.003549
0.004357
0.003103
0.003110
0.001768
0.004237
0.002760
0.003021
0.003762
0.003599
0.005175
0.003636
0.004084
0.002645
0.003375
0.003868
0.003341
0.004422
0.002091
0.004104
0.001900
0.002816
0.002860
0.002493
0.003596
0.003311
0.002615
0.004899
0.004978
0.004806
0.003962
0.002652
0.002317
0.003069
