0.005209
0.004547
0.003328
0.003038
0.005312
0.007211
0.004746
0.005334
0.003369
0.003921
0.003203
0.004046
0.003127
0.005752
0.004766
0.004628
0.003882
0.004091
0.004476
0.005666
0.005484
0.007572
0.004391
0.003377
0.006049
0.003964
0.005283
0.004936
0.003935
0.003105
0.003269
0.003761
0.001999
0.003565
0.004449
0.003702
0.005664
0.005092
0.003178
0.002786
0.003553
0.003912
0.008680
0.006953
0.005529
0.007098
0.006495
0.006619
0.005209
0.004366
0.005058
0.004579
0.005677
0.003217
0.005166
0.004064
0.004200
0.004928
0.004965
0.003874
0.004556
0.003885
0.004073
0.003304
0.003900
0.004303
0.005619
0.005395
0.004549
0.004466
0.005879
0.004064
0.004968
0.006200
0.006894
0.006627
0.004177
0.003717
0.004891
0.004360
0.006121
0.005714
0.005641
0.006892
0.006949
0.005814
0.000660
0.004591
0.006527
0.003468
0.002975
0.003270
0.005554
0.002291
0.006608
0.005775
0.000660
0.006186
0.002394
0.002568
0.003570
0.005220
0.003515
0.003061
0.002673
0.003475
0.002415
0.004728
0.004593
0.003538
0.006394
0.003998
0.005828
0.005551
0.003406
0.003952
0.002689
0.002737
0.003698
0.003278
0.003466
0.002890
0.003041
0.003091
0.002758
0.003578
0.005625
0.004671
0.004326
0.005405
0.003335
0.003739
0.004883
0.004970
0.004792
0.003963
0.002850
0.006958
0.003411
0.003862
0.003266
0.002927
0.004340
0.005827
0.004418
0.002512
0.002117
0.002678
0.004070
0.003430
0.002447
0.004111
0.003988
0.002258
0.004199
0.003178
0.002554
0.002932
0.003539
0.003325
0.003096
0.005356
0.005736
0.003662
0.005245
0.004267
0.004474
0.003911
0.005997
0.004037
0.004673
0.005868
0.005629
0.002914
0.004815
0.002828
0.004293
0.003658
0.002086
0.001726
0.004768
0.003860
0.002355
0.003474
0.005451
0.005503
0.005775
0.004192
0.003960
0.004194
0.004899
0.003601
0.004656
0.003242
0.003916
0.003725
0.005249
0.005466
0.005929
0.004330
0.003284
0.004158
0.005727
0.004539
0.003364
0.003804
0.004652
0.005022
0.005783
0.003665
0.003462
0.005631
0.004337
0.004494
0.003384
0.003774
0.003989
0.004597
0.004026
0.003160
0.006366
0.004226
0.009313
0.003108
0.005573
0.004837
0.005208
0.004694
0.005126
