0.005306
0.005254
0.006278
0.003503
0.003864
0.003083
0.004076
0.004457
0.003225
0.003891
0.003427
0.002839
0.003009
0.004191
0.003422
0.007307
0.005741
0.005483
0.003809
0.004492
0.003888
0.005788
0.006434
0.004596
0.004274
0.002470
0.003957
0.005682
0.003739
0.003319
0.005360
0.004421
0.003655
0.003693
0.004010
0.007034
0.005152
0.003520
0.002460
0.008066
0.004286
0.002753
0.002776
0.005588
0.005123
0.004631
0.005506
0.003070
0.004201
0.003852
0.004811
0.003440
0.003918
0.003789
0.004894
0.006089
0.008079
0.004371
0.003728
0.004450
0.005480
0.002925
0.002715
0.004438
0.003498
0.003428
0.003624
0.005077
0.002430
0.004851
0.004714
0.004789
0.005464
0.004085
0.004483
0.001848
0.002950
0.003153
0.004078
0.003610
0.003684
0.003049
0.003141
0.002486
0.004113
0.003911
0.004686
0.004488
0.005506
0.006218
0.002325
0.003594
0.003964
0.005826
0.003758
0.004323
0.005352
0.004051
0.002841
0.003724
0.003079
0.004112
0.006799
0.004714
0.002333
0.004759
0.005914
0.002988
0.003704
0.003876
0.004059
0.003401
0.004546
0.005218
0.006128
0.004917
0.003625
0.004049
0.004264
0.004627
0.002893
0.003352
0.005211
0.003951
0.003556
0.003163
0.004021
0.003047
0.003569
0.004862
0.005616
0.004763
0.003149
0.004409
0.002697
0.004510
0.003212
0.003653
0.005280
0.003767
0.006457
0.005398
0.001753
0.003970
0.003799
0.004555
0.003728
0.003978
0.004721
0.005131
0.003069
0.004630
0.003410
0.002841
0.005158
0.002923
0.003901
0.004680
0.003173
0.004102
0.004894
0.003063
0.002760
0.004366
0.003784
0.003399
0.001813
0.002414
0.002554
0.005945
0.003919
0.005264
0.002524
0.003981
0.005511
0.005433
0.003686
0.006234
0.002679
0.004259
0.004563
0.003851
0.003949
0.003583
0.004652
0.002285
0.005104
0.004379
0.004449
0.004219
0.002530
0.003636
0.002421
0.004664
0.003669
0.003964
0.003861
0.003942
0.004729
0.003838
0.002431
0.003901
0.002558
0.003349
0.003743
0.003939
0.004518
0.003803
0.004228
0.003471
0.003592
0.004307
0.004504
0.005524
0.004544
0.004076
0.004361
0.002582
0.004419
0.003798
0.005144
0.004061
0.003006
0.003980
0.004383
0.004317
0.003268
0.005402
0.003203
0.004516
0.005044
0.004144
0.004014
0.006652
0.004854
0.002273
0.005869
0.003897
0.002763
0.003546
0.005076
0.002786
