0.006694
0.006567
0.007049
0.007637
0.010849
0.006967
0.008605
0.006636
0.006517
0.009532
0.008018
0.009222
0.007899
0.008092
0.008822
0.010684
0.009444
0.004987
0.007440
0.009915
0.008584
0.008373
0.010094
0.010996
0.011519
0.009241
0.007685
0.004670
0.006664
0.007310
0.001199
0.008241
0.008502
0.007293
0.008606
0.010353
0.007550
0.010553
0.011298
0.008412
0.009115
0.008781
0.007597
0.004386
0.004185
0.008862
0.006453
0.006765
0.010571
0.007678
0.008470
0.006647
0.009931
0.006563
0.010272
0.008544
0.004935
0.009166
0.009865
0.006542
0.007433
0.004662
0.007582
0.009562
0.007167
0.006549
0.011821
0.007608
0.009787
0.005815
0.005222
0.006997
0.006782
0.007891
0.010768
0.006214
0.007783
0.006775
0.007411
0.008760
0.010014
0.007330
0.006626
0.008815
0.004360
0.009962
0.007960
0.007222
0.006680
0.008055
0.003847
0.006691
0.007382
0.006514
0.008044
0.006768
0.007700
0.009710
0.008364
0.007202
0.009217
0.009289
0.007226
0.008892
0.009159
0.006978
0.005885
0.010712
0.006428
0.010060
0.009890
0.008208
0.008982
0.011395
0.010658
0.010060
0.007561
0.005203
0.010310
0.007176
0.006927
0.007420
0.006913
0.006467
0.006874
0.006227
