0.011669
0.007473
0.005685
0.004759
0.006506
0.007356
0.009489
0.005399
0.004621
0.005928
0.003822
0.004685
0.004689
0.006443
0.004056
0.004990
0.005098
0.004592
0.005999
0.007758
0.003255
0.003589
0.002984
0.003390
0.004596
0.006640
0.006303
0.005773
0.006446
0.008545
0.005083
0.008444
0.008300
0.008090
0.009159
0.010056
0.005484
0.003436
0.003572
0.005026
0.004959
0.005303
0.003591
0.003320
0.009108
0.005986
0.004556
0.003622
0.004733
0.003451
0.003622
0.011349
0.006750
0.008806
0.007372
0.008831
0.007580
0.013125
0.006353
0.008181
0.009287
0.009355
0.008372
0.009804
0.009296
0.007766
0.009648
0.010283
0.009067
0.007625
0.006280
0.006930
0.006605
0.006994
0.009499
0.004882
0.006486
0.009742
0.009246
0.009607
0.005367
0.008955
0.007583
0.003842
0.013365
0.014358
0.011871
0.009667
0.004341
0.013275
0.013210
0.009822
0.005597
0.012993
0.010233
0.006781
0.009585
0.012764
0.010981
0.009446
0.011347
0.010542
0.008682
0.004255
0.005876
0.003476
0.003640
0.005609
0.014260
0.009804
0.009188
0.010161
0.001109
0.006408
0.001109
0.007453
0.010280
0.008519
0.005569
0.004248
0.005730
0.009394
0.007437
0.009735
0.011910
0.008051
0.006619
0.008897
0.007391
0.007355
0.006453
0.005330
0.007949
0.006399
0.008143
0.005849
0.005227
