0.005585
0.007118
0.010092
0.010412
0.010478
0.008739
0.009628
0.009009
0.001329
0.014526
0.001329
0.012323
0.001329
0.008654
0.001329
0.011116
0.007180
0.006567
0.007994
0.009452
0.007459
0.014132
0.005415
0.005804
0.009982
0.009337
0.008052
0.011692
0.008289
0.009190
0.011317
0.013063
0.007847
0.012999
0.001329
0.012581
0.001329
0.006459
0.011300
0.006204
0.006689
0.006738
0.010504
0.008473
0.010374
0.006997
0.010441
0.006816
0.006879
0.011129
0.008017
0.007247
0.006199
0.007136
0.005878
0.007136
0.007669
0.005729
0.008061
0.007169
0.008827
0.004914
0.008477
0.005555
0.006467
0.008721
0.006228
0.005149
0.009370
0.008291
0.006456
0.012048
0.008263
0.010449
0.007301
0.006996
0.009227
0.006937
0.010659
0.006736
0.012618
0.008971
0.007167
0.005929
0.006601
0.007280
0.010776
0.008374
0.008701
0.008890
0.005162
0.012171
0.008126
0.007873
0.010461
0.008715
0.008558
0.008669
0.010547
0.007841
0.010919
0.006969
0.004351
0.012863
0.012880
0.010963
0.008622
0.014184
0.016112
0.007002
0.006324
0.008885
0.015505
0.010891
0.007692
0.011852
0.007366
0.012873
