0.010474
0.009857
0.015726
0.014964
0.009761
0.012177
0.011240
0.011082
0.009972
0.008314
0.011777
0.013234
0.009326
0.006878
0.005747
0.015375
0.013053
0.011217
0.012294
0.012332
0.011977
0.006897
0.014761
0.015246
0.014066
0.012171
0.013951
0.014701
0.013891
0.008557
0.015095
0.007906
0.010017
0.013793
0.016632
0.013225
0.010758
0.013495
0.016413
0.009334
0.011925
0.009741
0.006737
0.015464
0.012525
0.010879
0.014299
0.012012
0.012843
0.009630
0.012761
0.012321
0.011287
0.012376
0.011796
0.015760
0.011731
0.010339
0.009817
0.005725
0.014094
0.012027
0.011914
0.009082
0.014406
0.012784
0.013366
0.008593
0.009505
0.010375
0.013195
0.013665
0.012374
0.016109
0.010759
0.008488
0.010969
0.014895
0.012259
0.011293
0.017179
0.013205
0.012331
0.009474
