0.008738
0.010639
0.009470
0.008945
0.008355
0.009261
0.007678
0.007624
0.005872
0.007146
0.012529
0.010376
0.012281
0.009071
0.009558
0.008806
0.008294
0.001418
0.005958
0.007896
0.005799
0.008433
0.007434
0.009200
0.010034
0.013873
0.007761
0.011492
0.012288
0.004313
0.011947
0.012875
0.001418
0.013703
0.011379
0.001418
0.010294
0.010571
0.007340
0.012766
0.012896
0.011955
0.010988
0.007506
0.007743
0.008592
0.001418
0.009029
0.011244
0.006217
0.008791
0.009456
0.008900
0.008899
0.008675
0.008450
0.012010
0.009299
0.005178
0.006551
0.009603
0.011162
0.012846
0.011317
0.007489
0.007426
0.010203
0.008750
0.013651
0.007059
0.010530
0.008214
0.008226
0.010656
0.011889
0.010612
0.008034
0.007513
0.009559
0.007835
0.012238
0.001418
0.009141
0.009243
0.009273
0.010566
0.009456
0.006116
0.008454
0.009868
0.011146
0.009372
0.008266
0.010586
0.006589
0.013326
0.013349
0.009003
0.013225
0.006867
0.007636
0.010200
0.010583
0.007717
0.012300
0.009751
0.007905
0.009521
0.005204
0.011057
