0.011693
0.009450
0.007886
0.010197
0.010883
0.013043
0.013614
0.009039
0.013208
0.010455
0.011307
0.013254
0.010053
0.009909
0.011944
0.014182
0.010588
0.011746
0.009036
0.010419
0.011021
0.009203
0.010628
0.012118
0.012234
0.010199
0.011088
0.009492
0.011267
0.010031
0.008846
0.011303
0.007461
0.012470
0.009486
0.014054
0.009821
0.013219
0.010566
0.009733
0.006309
0.013648
0.010608
0.009329
0.014226
0.011537
0.007384
0.008940
0.010166
0.013905
0.014376
0.011375
0.009246
0.010409
0.011093
0.010026
0.012059
0.009526
0.012231
0.012832
0.010240
0.011728
0.010875
0.009969
0.011116
0.012923
0.011505
0.014972
0.009449
0.008880
0.011757
0.009467
0.011506
0.013998
0.013315
0.013344
0.009550
0.013081
0.011466
0.009467
0.011506
0.013998
0.015420
0.012346
0.011806
0.007821
0.011397
0.009332
0.011117
0.011276
