0.002459
0.002785
0.003224
0.002927
0.002497
0.003098
0.003264
0.002837
0.003223
0.002407
0.002359
0.002044
0.002981
0.001284
0.002281
0.002519
0.002419
0.002562
0.002165
0.001774
0.001992
0.002398
0.002238
0.002700
0.002448
0.002606
0.000379
0.002769
0.002070
0.002048
0.000379
0.002387
0.002537
0.000379
0.003049
0.002185
0.003294
0.002599
0.002175
0.000379
0.002277
0.003219
0.000379
0.002952
0.002801
0.002706
0.003192
0.004000
0.000379
0.004236
0.002054
0.001770
0.001573
0.002075
0.000995
0.002313
0.000379
0.002363
0.001888
0.002872
0.002535
0.002509
0.002783
0.001888
0.002399
0.003113
0.002859
0.002535
0.001803
0.001835
0.001939
0.002616
0.002116
0.001940
0.001851
0.002780
0.001842
0.001503
0.002052
0.002587
0.002025
0.002600
0.000379
0.001962
0.002031
0.002630
0.002254
0.001451
0.001638
0.003099
0.001442
0.002126
0.002483
0.001618
0.002265
0.002011
0.000379
0.003013
0.002784
0.001555
0.002199
0.003037
0.001636
0.002062
0.000379
0.001860
0.001658
0.002188
0.002070
0.001649
0.002176
0.002799
0.003512
0.001965
0.002767
0.002138
0.001537
0.002773
0.000379
0.001391
0.002105
0.001513
0.001750
0.001396
0.002495
0.001412
0.002229
0.001923
0.002774
0.002073
0.001572
0.002877
0.001202
0.001548
0.002370
0.002367
0.002393
0.002894
0.002728
0.003191
0.002871
0.000379
0.002729
0.002333
0.002111
0.002587
0.002157
0.000379
0.001357
0.002040
0.002854
0.002288
0.003440
0.001470
0.002524
0.000824
0.003093
0.002939
0.002043
0.003096
0.002319
0.002835
0.002618
0.002544
0.002337
0.003350
0.003131
0.002806
0.002977
0.000379
0.003398
0.002190
0.003016
0.002494
0.002410
0.002688
0.001885
0.002880
0.002523
0.002907
0.000379
0.002500
0.002449
0.002486
0.002678
0.002755
0.002660
0.003698
0.002847
0.000379
0.001857
0.000886
0.000379
0.002524
0.001603
0.000379
0.002524
0.002524
0.001578
0.001373
0.001768
0.002524
0.002524
0.001578
0.002610
0.002866
0.002241
0.003453
0.003121
0.002226
0.002454
0.001438
0.001493
0.002935
0.002347
0.001562
0.001520
0.001797
0.001675
0.001659
0.002382
0.001986
0.001208
0.002784
0.003238
0.001455
0.002900
0.002766
0.002991
0.001915
0.001904
0.002318
0.004166
0.000379
0.003276
0.002836
0.001920
0.002320
0.003427
0.000379
0.001725
0.000379
0.002925
0.002287
0.002464
0.003126
0.002503
0.001891
0.002203
0.000840
0.003010
0.002606
0.002839
0.002195
0.001943
0.002225
0.003591
0.003410
0.003860
0.003296
0.003068
0.003285
0.002656
0.002543
0.003017
0.003933
0.002273
0.002240
0.002684
0.003650
0.003459
0.002542
0.002914
0.002393
0.003383
0.002339
0.001048
0.001454
0.002321
0.003130
0.002470
0.002616
0.002941
0.002097
0.002355
0.002371
0.002541
0.003139
0.002357
0.003140
0.003053
0.004023
0.003811
0.002928
0.003259
0.002339
0.003137
0.003364
0.003001
0.003586
0.002375
0.004216
0.002733
0.003195
0.002259
0.002166
0.003059
0.003169
0.001555
0.002177
0.002941
0.002313
0.003701
0.002818
0.003864
0.001845
0.002746
0.002417
0.002908
0.003223
0.001307
0.003204
0.003030
0.003445
0.002664
0.003285
0.003787
0.002892
0.003481
0.000923
0.004235
0.002454
0.001488
0.003279
0.002563
0.001934
0.002851
0.001555
0.003293
0.003527
0.002118
0.002782
0.003074
0.002568
0.003158
0.002696
0.002804
0.002523
0.003205
0.002819
0.002873
0.002459
0.002528
0.002501
0.003785
0.002404
0.003388
0.003917
0.003070
0.003665
0.000964
0.003218
0.002974
0.003199
0.002594
0.003606
0.001007
0.001857
0.002128
0.003190
0.003362
0.001645
0.002901
0.003040
0.003053
0.003352
0.003161
0.002612
0.001502
0.003572
0.003052
0.003749
0.003223
0.001596
0.002899
0.000967
0.002708
0.001985
0.001895
0.002287
0.001968
0.002461
0.002597
0.002745
0.002755
0.002741
0.002253
0.002549
0.002122
0.001559
0.001896
0.002942
0.002876
0.002867
0.002759
0.002754
0.001491
0.002405
0.002032
0.002352
0.003307
0.003938
0.003833
0.003359
