0.002159
0.001781
0.002822
0.004468
0.003507
0.003554
0.003335
0.003832
0.003139
0.003444
0.003655
0.002159
0.004111
0.002352
0.004199
0.003697
0.002566
0.004027
0.004628
0.004337
0.004236
0.002527
0.000527
0.004624
0.002411
0.003589
0.004069
0.004340
0.004353
0.000527
0.004052
0.000527
0.004077
0.003479
0.002721
0.001873
0.003077
0.001983
0.003040
0.003814
0.003587
0.003400
0.004355
0.002093
0.003356
0.001974
0.003198
0.002644
0.005047
0.003919
0.002087
0.003742
0.002209
0.002536
0.003588
0.003576
0.004261
0.004508
0.003288
0.003085
0.003524
0.004288
0.003932
0.002809
0.001868
0.002629
0.002725
0.003150
0.002854
0.002853
0.003856
0.002169
0.004211
0.004504
0.004356
0.004427
0.003384
0.002950
0.003661
0.003786
0.004534
0.003324
0.003119
0.003560
0.001940
0.001980
0.002960
0.004852
0.002914
0.002625
0.002084
0.003558
0.004051
0.004707
0.003253
0.005147
0.004055
0.004095
0.003324
0.006189
0.003167
0.002935
0.004562
0.002526
0.003272
0.003018
0.006090
0.005339
0.004114
0.005059
0.002333
0.003604
0.002771
0.004677
0.002248
0.004579
0.006018
0.003865
0.003274
0.006144
0.003718
0.004111
0.003046
0.004624
0.006126
0.003055
0.003541
0.002770
0.003527
0.004102
0.000527
0.004023
0.004538
0.004188
0.002887
0.002945
0.004470
0.004015
0.003190
0.005855
0.005529
0.004026
0.004682
0.005493
0.003519
0.002985
0.000527
0.001974
0.001353
0.001634
0.003412
0.002275
0.004199
0.004735
0.005464
0.003265
0.004622
0.005266
0.004656
0.001620
0.003901
0.004381
0.001793
0.003698
0.001349
0.002533
0.006235
0.007118
0.004590
0.003853
0.001883
0.003077
0.004038
0.003148
0.003477
0.004868
0.003139
0.003452
0.004683
0.004485
0.002764
0.003185
0.003008
0.002044
0.000527
0.002303
0.003264
0.003697
0.002744
0.004045
0.003183
0.003316
0.004372
0.004158
0.003928
0.004206
0.004401
0.002731
0.003632
0.001699
0.004017
0.002305
0.003535
0.003117
0.003127
0.003143
0.002414
0.000527
0.000527
0.002371
0.005431
0.002412
0.000527
0.002071
0.000527
0.004154
0.004738
0.001462
0.003028
0.003392
0.003476
0.003196
0.003960
0.004472
0.003278
0.004650
0.004776
0.002937
0.005523
0.003531
0.000527
0.003353
0.002984
0.004129
0.004426
0.004483
0.003715
0.003113
0.004024
0.004104
0.003827
0.003768
0.004099
0.003883
0.001629
0.004213
0.000527
0.002946
0.002961
0.003133
0.003223
0.003382
0.001836
0.002419
0.003186
0.003977
0.002044
0.002941
0.003344
0.003115
0.002771
0.003326
0.003837
0.003083
0.003168
0.002752
0.003379
0.004538
0.002044
0.003086
0.003502
0.003287
0.003652
0.002993
0.002282
0.003726
0.002826
0.005230
0.004412
0.003312
0.003578
0.004471
0.004425
0.001342
0.001331
0.001397
0.001878
0.004220
0.002521
0.004886
0.002866
0.003297
0.002879
0.003877
0.002625
