0.014689
0.017807
0.013308
0.013718
0.012610
0.017218
0.013452
0.015237
0.008213
0.012814
0.009876
0.012802
0.011270
0.010098
0.012601
0.018072
0.011993
0.013819
0.011389
0.010326
0.015830
0.008000
0.015710
0.015391
0.011570
0.011154
0.012970
0.015403
0.016224
0.018359
0.013974
0.010763
0.009562
0.012337
0.014926
0.015261
0.017110
0.017430
0.021231
0.015390
0.011933
0.010827
0.011866
0.019094
0.015456
0.017008
0.007933
0.012123
0.009304
0.010961
0.019417
0.016698
0.014423
0.016141
0.013256
0.019632
0.015440
0.015470
0.019285
0.014479
0.018750
0.017222
0.014286
0.016187
0.018465
0.014578
0.013090
0.018870
0.014855
0.013043
