0.009661
0.011519
0.006308
0.010041
0.008955
0.011385
0.008895
0.008663
0.008496
0.005554
0.007234
0.007724
0.005485
0.008072
0.008010
0.009981
0.009953
0.010573
0.009183
0.009331
0.009388
0.007963
0.007558
0.009356
0.008022
0.007512
0.006889
0.009073
0.007051
0.005715
0.007775
0.007484
0.008393
0.007837
0.007011
0.010723
0.008227
0.006800
0.008785
0.006870
0.008571
0.010800
0.009181
0.007293
0.009589
0.007804
0.007342
0.010450
0.007455
0.009113
0.010003
0.007698
0.004627
0.007422
0.008621
0.009242
0.006689
0.012020
0.008093
0.004205
0.007538
0.007245
0.007372
0.004143
0.003968
0.001259
0.004174
0.008211
0.008097
0.009687
0.009664
0.012688
0.005830
0.005757
0.008528
0.007190
0.003974
0.007082
0.011950
0.012231
0.009132
0.010248
0.008251
0.008359
0.010581
0.007466
0.005597
0.006696
0.006571
0.012086
0.009169
0.010333
0.009199
0.007451
0.007333
0.008040
0.009523
0.010419
0.008873
0.007808
0.009041
0.010278
0.008649
0.006841
0.008104
0.006707
0.005094
0.010329
0.008067
0.008851
0.009257
0.009148
0.010542
0.013686
0.013000
0.008709
0.008609
0.009444
0.008719
0.007536
