0.006889
0.008411
0.010151
0.006454
0.008899
0.005523
0.007824
0.008256
0.005770
0.005214
0.005197
0.006148
0.005266
0.005664
0.006949
0.006526
0.008120
0.006174
0.005577
0.010332
0.007216
0.004472
0.005774
0.007189
0.008163
0.007027
0.006863
0.006783
0.006560
0.006879
0.004244
0.006710
0.008553
0.006269
0.006581
0.006957
0.007863
0.005851
0.008483
0.006158
0.005645
0.006696
0.005948
0.006556
0.005512
0.005885
0.006474
0.006363
0.005997
0.008610
0.004324
0.005763
0.008138
0.004916
0.007513
0.004824
0.006503
0.005454
0.007116
0.007088
0.005496
0.005377
0.005346
0.006005
0.006694
0.006663
0.007038
0.006706
0.007697
0.006577
0.009328
0.006078
0.006221
0.006499
0.006912
0.006910
0.006506
0.009860
0.006607
0.007609
0.006271
0.008588
0.007470
0.007483
0.008965
0.008190
0.006217
0.007826
0.008887
0.006531
0.006500
0.007706
0.007056
0.007908
0.006737
0.006476
0.004923
0.005912
0.008205
0.007613
0.007008
0.006039
0.008368
0.008304
0.008516
0.006116
0.007018
0.006854
0.008997
0.006691
0.008534
0.005735
0.008433
0.008688
0.007735
0.007355
0.006387
0.008124
0.007488
0.004522
0.006749
0.009632
0.005053
0.009588
0.007546
0.005466
0.004958
0.005751
0.007547
0.005418
0.006869
0.005626
0.005152
0.003958
0.005360
0.008993
0.007248
0.007053
0.007416
0.005877
0.005971
0.006743
0.006990
0.006454
0.006878
0.007934
