0.007667
0.005892
0.006901
0.005061
0.008391
0.007593
0.006214
0.006396
0.004977
0.006334
0.005957
0.005527
0.003770
0.004999
0.003402
0.005363
0.004838
0.005241
0.006150
0.005237
0.003728
0.003032
0.005876
0.004771
0.004889
0.004627
0.003406
0.004247
0.006051
0.005904
0.004852
0.004840
0.005638
0.004933
0.004580
0.009073
0.002926
0.006326
0.005653
0.007326
0.008816
0.005613
0.003925
0.006746
0.006303
0.003789
0.003855
0.005020
0.006280
0.004974
0.005571
0.003732
0.006765
0.007092
0.006700
0.006284
0.007046
0.006074
0.006635
0.003676
0.004640
0.005406
0.005198
0.003885
0.005702
0.006072
0.005572
0.006148
0.004190
0.005261
0.006564
0.006743
0.006640
0.006130
0.006381
0.006196
0.003533
0.005959
0.008864
0.004049
0.007674
0.004358
0.004263
0.004412
0.005382
0.004620
0.002451
0.004487
0.008273
0.005170
0.004798
0.004341
0.003405
0.006145
0.006710
0.005862
0.006599
0.006509
0.007025
0.005727
0.008196
0.005614
0.006951
0.003928
0.003309
0.006332
0.004140
0.007472
0.005013
0.002435
0.004735
0.005611
0.006163
0.006806
0.006125
0.003646
0.005757
0.003392
0.005816
0.004656
0.004188
0.003805
0.006553
0.004438
0.005051
0.006683
0.005125
0.005577
0.002656
0.005401
0.004451
0.005685
0.007169
0.004930
0.006278
0.003957
0.008187
0.006489
0.005582
0.005901
0.005395
0.003797
0.006469
0.007079
0.004799
0.005215
0.005603
0.003826
0.004813
0.004861
0.004976
0.004859
0.003557
0.004014
0.005393
0.005559
0.005269
0.005121
0.003925
0.003754
0.006432
0.004779
0.003680
0.005103
0.004634
0.005478
0.004940
0.005712
0.004757
0.006591
0.003336
0.009501
0.005048
0.003648
0.006628
0.005839
0.003962
0.005306
0.005815
0.007198
0.005170
0.005816
0.005678
0.007631
