0.007173
0.010369
0.007575
0.008053
0.006858
0.007789
0.008307
0.009049
0.007144
0.007635
0.004433
0.006558
0.003989
0.006364
0.007872
0.008432
0.009083
0.009060
0.008485
0.009013
0.005070
0.005233
0.008406
0.010126
0.009724
0.007573
0.010131
0.009419
0.007609
0.006977
0.007384
0.006595
0.006192
0.006510
0.005875
0.007059
0.006405
0.005658
0.004865
0.003122
0.006390
0.007159
0.009257
0.005304
0.010311
0.006646
0.011176
0.008633
0.011080
0.010682
0.007943
0.009402
0.008085
0.006343
0.008627
0.010784
0.007981
0.007496
0.006335
0.005197
0.008559
0.005340
0.009653
0.005401
0.007449
0.010370
0.008213
0.007050
0.008646
0.008375
0.005457
0.006677
0.006099
0.005988
0.008734
0.005681
0.010767
0.008963
0.007675
0.007661
0.005646
0.006094
0.006145
0.008717
0.005775
0.008380
0.005487
0.005177
0.005968
0.007065
0.007543
0.007861
0.007404
0.009111
0.006731
0.004742
0.006066
0.008000
0.007302
0.008134
0.006518
0.005321
0.007504
0.007114
0.007279
0.006347
0.004853
0.008122
0.007309
0.009424
0.005258
0.009590
0.004861
0.008533
0.007409
0.003596
0.006530
0.005618
0.005872
0.004962
0.005456
0.007432
0.007888
0.006017
0.007073
0.006844
0.006155
0.005468
0.005951
0.008743
0.008546
0.010377
0.009610
0.005636
0.010626
0.008048
