0.007989
0.010982
0.005941
0.007474
0.006121
0.008496
0.007715
0.008617
0.006161
0.010674
0.006822
0.006355
0.008478
0.008253
0.006697
0.001076
0.008367
0.009099
0.007395
0.007812
0.003720
0.008603
0.007353
0.008308
0.007350
0.007376
0.001076
0.007024
0.008055
0.006355
0.005212
0.008397
0.008197
0.009325
0.010734
0.005776
0.005684
0.007669
0.007247
0.010846
0.005946
0.009067
0.008763
0.009481
0.004609
0.009404
0.007039
0.006752
0.004797
0.001076
0.006177
0.006213
0.001076
0.005977
0.007763
0.009018
0.010099
0.006429
0.007132
0.007853
0.007872
0.008936
0.008050
0.005270
0.007736
0.007908
0.009483
0.004366
0.001076
0.006475
0.006418
0.007415
0.005084
0.009494
0.006745
0.008546
0.005853
0.005720
0.007544
0.006626
0.003492
0.009072
0.008811
0.004812
0.007555
0.004644
0.008980
0.005134
0.005879
0.004709
0.006301
0.006266
0.004262
0.007453
0.005495
0.007176
0.004945
0.005657
0.009984
0.009631
0.006725
0.004744
0.006502
0.006269
0.008503
0.007261
0.005886
0.006864
0.008545
0.005705
0.006361
0.007316
0.006067
0.001076
0.007936
0.004841
0.007476
0.007914
0.007166
0.008967
0.008420
0.006249
0.001076
0.006592
0.005027
0.008143
0.008016
0.006106
0.006655
0.008462
0.001076
0.006956
0.005748
0.001076
0.007346
0.003529
0.005904
0.006921
0.007938
0.005625
0.007459
0.007713
0.006109
0.011127
0.007597
0.006121
0.008496
