0.001637
0.001926
0.002873
0.002404
0.003027
0.002921
0.003251
0.002994
0.004258
0.002894
0.001582
0.003989
0.003351
0.002848
0.001656
0.002390
0.003000
0.002063
0.002285
0.002726
0.002958
0.003641
0.003459
0.001246
0.001921
0.002094
0.003270
0.002829
0.002565
0.004712
0.004616
0.003075
0.003808
0.003113
0.001435
0.002015
0.001981
0.001588
0.003486
0.002393
0.002782
0.000384
0.002396
0.002066
0.001538
0.002056
0.003423
0.002394
0.001241
0.002763
0.002644
0.001061
0.001812
0.003108
0.001878
0.003506
0.003016
0.000384
0.001245
0.000384
0.001155
0.002049
0.002593
0.003386
0.002963
0.003798
0.003545
0.003174
0.004160
0.005086
0.003936
0.003274
0.003137
0.003419
0.003232
0.002445
0.002966
0.002347
0.002184
0.002771
0.002727
0.000841
0.003055
0.002485
0.002042
0.001630
0.001364
0.002548
0.003175
0.001867
0.002017
0.003183
0.002816
0.001399
0.002333
0.002203
0.003009
0.003189
0.002055
0.002176
0.002041
0.001536
0.001907
0.002117
0.002494
0.003312
0.002078
0.002316
0.002232
0.002617
0.001974
0.001808
0.002518
0.002059
0.002058
0.002172
0.001451
0.001642
0.002225
0.002977
0.003033
0.002669
0.002211
0.001742
0.001342
0.001870
0.001403
0.001481
0.002283
0.003177
0.003065
0.001173
0.001551
0.002382
0.001695
0.002062
0.002395
0.002432
0.002026
0.003056
0.002502
0.002764
0.001858
0.002087
0.002316
0.002332
0.002635
0.002818
0.002948
0.001778
0.002297
0.002309
0.002619
0.002457
0.003406
0.004690
0.002293
0.002668
0.001390
0.001999
0.002104
0.002513
0.001851
0.001900
0.003374
0.003268
0.002607
0.001856
0.002745
0.002709
0.001546
0.002239
0.002799
0.002164
0.003396
0.003595
0.001910
0.002665
0.002563
0.002360
0.002005
0.002530
0.002809
0.002321
0.003972
0.003132
0.002214
0.002947
0.003438
0.003499
0.001353
0.003202
0.002656
0.001956
0.002484
0.001427
0.002836
0.002139
0.002012
0.003286
0.001760
0.002296
0.003199
0.003136
0.002640
0.002967
0.002584
0.001838
0.001480
0.001338
0.001572
0.001367
0.002027
0.002317
0.002883
0.002434
0.002719
0.001995
0.001903
0.001808
0.003101
0.002084
0.002325
0.002763
0.003084
0.003114
0.002785
0.003642
0.003369
0.001877
0.003154
0.003501
0.002930
0.002698
0.002452
0.003365
0.002251
0.002015
0.003835
0.002387
0.002716
0.002509
0.002612
0.002846
0.003048
0.003542
0.003378
0.003002
0.002859
0.002543
0.002017
0.002402
0.002855
0.003583
0.002680
0.002104
0.001987
0.003408
0.002765
0.002541
0.002056
0.002638
0.001862
0.001836
0.001427
0.001448
0.002419
0.001766
0.003163
0.003053
0.002444
0.002256
0.001132
0.003152
0.002763
0.002525
0.003486
0.001377
0.003603
0.002907
0.002927
0.002791
0.003282
0.002416
0.002356
0.002769
0.003678
0.001573
0.002165
0.002867
0.002148
0.002141
0.002075
0.001780
0.003517
0.002518
0.003244
0.002876
0.002902
0.002452
0.004457
0.003806
0.003132
0.003471
0.001773
0.002554
0.001720
0.004322
0.002237
0.001824
0.003518
0.002334
0.002169
0.002003
0.002837
0.003740
0.002171
0.002075
0.003080
0.001797
0.002836
0.001688
0.002378
0.002318
0.002473
0.002838
0.001662
0.001452
0.003156
0.002949
0.003612
0.003496
0.004341
0.003541
0.003002
0.001964
0.003774
0.002674
0.003992
0.002979
0.002905
0.003711
0.002484
0.002123
0.001537
0.003284
0.002537
0.001594
0.002134
0.002716
0.002669
0.002366
0.003306
0.002619
0.001665
0.002749
0.001897
0.001760
0.002625
0.001519
0.001879
0.002637
0.002047
0.003202
0.001982
0.002076
0.002504
0.005376
0.003184
0.004423
0.002558
0.003046
0.003160
0.002931
0.002714
0.002076
0.002100
0.002291
0.002888
0.002822
0.002446
0.002236
0.002906
0.001990
0.002434
0.002117
0.002431
0.001464
0.002252
0.003501
0.002221
0.003040
0.001315
