0.007556
0.008168
0.005977
0.006269
0.004752
0.004371
0.008679
0.006092
0.005084
0.006643
0.006265
0.006136
0.004125
0.006736
0.004106
0.003291
0.003547
0.007209
0.005972
0.004425
0.003779
0.002635
0.004194
0.003230
0.004307
0.006344
0.004754
0.007153
0.004480
0.006175
0.002388
0.005544
0.005926
0.004588
0.005591
0.005606
0.005666
0.005225
0.007366
0.004037
0.004685
0.008814
0.003460
0.006847
0.002610
0.004744
0.006424
0.008274
0.005421
0.004752
0.005137
0.006270
0.004239
0.004947
0.004670
0.005493
0.004305
0.003352
0.005182
0.003947
0.005935
0.002651
0.005470
0.002554
0.003586
0.002794
0.004308
0.005352
0.004093
0.002786
0.006983
0.002525
0.004213
0.005491
0.002815
0.004825
0.005693
0.004426
0.003260
0.003900
0.003646
0.003841
0.002958
0.005880
0.007106
0.007025
0.005083
0.005090
0.005118
0.003908
0.004488
0.004384
0.005323
0.006825
0.004222
0.000805
0.004414
0.005028
0.008749
0.004652
0.004120
0.007574
0.007299
0.010070
0.003448
0.000805
0.000805
0.006221
0.007697
0.004651
0.005366
0.006840
0.004470
0.008331
0.005115
0.000805
0.007765
0.004062
0.000805
0.000805
0.006054
0.000805
0.003368
0.006126
0.003908
0.000805
0.007869
0.007030
0.006986
0.000805
0.006253
0.003488
0.008652
0.004795
0.004525
0.004649
0.002382
0.008428
0.005308
0.007387
0.005696
0.008308
0.005690
0.007122
0.005274
0.004486
0.008024
0.003356
0.003476
0.004640
0.004754
0.004947
0.002734
0.005068
0.007858
0.005487
0.005205
0.005266
0.005418
0.005484
0.006247
0.004673
0.007391
0.005065
0.003606
0.005534
0.003124
0.007239
0.003653
0.005633
0.007780
0.005700
0.005423
0.006581
0.008739
0.004457
0.005366
0.006894
0.007147
0.005149
0.003957
0.007818
0.005479
0.005651
0.004909
0.005834
0.007993
0.004481
0.005153
0.007071
0.004954
0.005427
0.007525
0.003214
