0.009380
0.009432
0.005960
0.006104
0.007059
0.004846
0.007222
0.005591
0.005686
0.004911
0.004784
0.004380
0.005211
0.008353
0.007265
0.008346
0.006697
0.005078
0.006217
0.007354
0.006458
0.004568
0.005108
0.003741
0.004296
0.004108
0.004239
0.005185
0.003894
0.006638
0.007660
0.005141
0.004583
0.005651
0.000823
0.005036
0.004934
0.005040
0.008358
0.008320
0.005497
0.008584
0.007541
0.006923
0.005048
0.007653
0.005441
0.006815
0.005640
0.005548
0.005522
0.004107
0.005453
0.005874
0.004897
0.005152
0.005193
0.003935
0.006078
0.003782
0.007046
0.006087
0.004493
0.003554
0.003326
0.005371
0.007008
0.003711
0.002907
0.005550
0.003780
0.004856
0.005901
0.006728
0.008180
0.005614
0.006651
0.004349
0.006598
0.007639
0.005592
0.006495
0.005997
0.005833
0.007132
0.003591
0.006932
0.006971
0.007743
0.005532
0.008839
0.005233
0.005127
0.005588
0.005297
0.006120
0.004498
0.004626
0.006928
0.005158
0.005184
0.002921
0.002668
0.004866
0.002685
0.004270
0.004997
0.004485
0.002431
0.005605
0.006601
0.004810
0.004024
0.003631
0.004281
0.006617
0.009033
0.007963
0.008068
0.005767
0.006421
0.002308
0.008368
0.006965
0.009740
0.006069
0.004322
0.004828
0.005213
0.005942
0.006290
0.004496
0.005846
0.005722
0.005401
0.003593
0.003834
0.002245
0.004951
0.002895
0.005388
0.005235
0.005524
0.005069
0.005609
0.007055
0.005864
0.005158
0.005457
0.007733
0.005488
0.005276
0.005143
0.004551
0.004491
0.004115
0.005261
0.002967
0.002186
0.003387
0.002978
0.005485
0.003324
0.003367
0.004036
0.005195
0.004397
0.005462
0.003753
0.004679
0.004840
0.006879
0.008370
0.000823
0.006011
0.006207
0.007654
0.005985
0.003181
0.005794
0.003880
0.004507
0.005356
0.003607
