0.013584
0.009428
0.010015
0.009624
0.011164
0.008292
0.006587
0.006439
0.013949
0.010669
0.014001
0.014193
0.007819
0.012445
0.007424
0.009192
0.010553
0.011004
0.011889
0.009277
0.012141
0.014453
0.015546
0.012044
0.015746
0.017485
0.012637
0.011236
0.011028
0.012802
0.010489
0.005760
0.014411
0.012879
0.009676
0.011649
0.010856
0.011324
0.009913
0.011036
0.009558
0.011849
0.012648
0.014098
0.016874
0.012659
0.014715
0.010781
0.008944
0.015881
0.013129
0.007411
0.006658
0.009108
0.009109
0.009284
0.009284
0.009122
0.007989
0.007801
0.007632
0.007691
0.013064
0.011519
0.007270
0.011116
0.013529
0.006695
0.014164
0.009573
0.010050
0.008092
0.009817
0.011152
0.010971
0.008965
0.009711
0.008830
0.009097
0.010677
0.010698
0.011270
0.008626
0.009920
0.013142
0.010941
0.011492
0.012776
0.012791
0.010688
0.011568
0.008912
