0.008045
0.008804
0.011425
0.009354
0.008740
0.006539
0.011281
0.009008
0.006690
0.006699
0.011257
0.011074
0.007502
0.009752
0.007317
0.009323
0.007274
0.008735
0.008565
0.008463
0.009952
0.011346
0.007922
0.006187
0.007650
0.007732
0.007553
0.007662
0.009503
0.008343
0.006992
0.007082
0.004908
0.008847
0.007676
0.004789
0.007952
0.010027
0.008753
0.009479
0.010534
0.007876
0.011067
0.008819
0.007295
0.007240
0.008026
0.011367
0.007791
0.007875
0.009946
0.012309
0.009019
0.007980
0.009540
0.006939
0.011529
0.009555
0.007666
0.007045
0.006916
0.006399
0.007618
0.009067
0.009446
0.007787
0.009962
0.006606
0.008299
0.007691
0.006665
0.005845
0.004354
0.011235
0.010217
0.012363
0.013252
0.011252
0.007275
0.010044
0.007655
0.006623
0.006755
0.009873
0.007871
0.006929
0.007915
0.008684
0.007858
0.009790
0.008932
0.012732
0.008075
0.009267
0.008644
0.003973
0.009473
0.009868
0.009352
0.009915
0.009247
0.008154
0.012608
0.009230
0.009188
0.008902
0.009495
0.010289
0.010338
0.008420
0.006055
0.008331
0.007953
0.008447
0.006134
0.009111
