0.010245
0.011343
0.012798
0.012495
0.013464
0.006609
0.013254
0.011605
0.009993
0.006203
0.011536
0.010851
0.012265
0.013369
0.008400
0.012622
0.009933
0.007490
0.007810
0.012347
0.008005
0.016351
0.010765
0.007368
0.014649
0.012300
0.006636
0.011110
0.011927
0.010986
0.006324
0.007756
0.009492
0.009923
0.010280
0.009415
0.006410
0.011091
0.009544
0.008058
0.011207
0.007657
0.008775
0.010945
0.011584
0.012796
0.004469
0.006239
0.011291
0.009957
0.011854
0.009754
0.013662
0.008790
0.006486
0.009276
0.010335
0.008907
0.008410
0.012053
0.011049
0.010691
0.011211
0.008022
0.007283
0.006486
0.005708
0.007263
0.005385
0.012031
0.009732
0.008218
0.009271
0.006750
0.008759
0.011543
0.007273
0.007131
0.008992
0.008301
0.007694
0.008359
0.008351
0.005665
0.006204
0.005336
0.007058
0.005918
0.007358
0.005583
0.009421
0.005309
0.006676
0.008093
0.009566
0.006088
0.010003
0.010593
0.005815
0.005302
0.007711
0.010035
0.006520
0.004938
0.007941
0.009615
0.009709
0.010071
0.010504
