0.014299
0.009172
0.011151
0.009943
0.008426
0.012762
0.009187
0.011919
0.007844
0.008907
0.014085
0.009505
0.006425
0.010078
0.008583
0.008117
0.006974
0.005565
0.010268
0.012336
0.007268
0.009596
0.008584
0.007564
0.013162
0.010258
0.011620
0.010252
0.013047
0.009534
0.012911
0.010627
0.009958
0.010421
0.011500
0.010861
0.013236
0.009125
0.009721
0.010885
0.009843
0.007147
0.010098
0.008408
0.012038
0.011456
0.008474
0.012021
0.013224
0.007133
0.009778
0.010262
0.006940
0.011794
0.016052
0.008997
0.007704
0.006397
0.007422
0.007855
0.009958
0.011111
0.008259
0.012191
0.008255
0.006866
0.010499
0.007309
0.009783
0.012787
0.010435
0.011754
0.007335
0.010964
0.011237
0.009423
0.007298
0.008963
0.005476
0.010669
0.013413
0.008010
0.010360
0.013799
0.011696
0.017152
0.012052
0.008403
0.008432
0.008136
0.013684
0.014268
0.008746
0.011172
0.010187
0.009270
0.008418
0.012094
0.011413
