0.004742
0.007211
0.010127
0.009304
0.012862
0.007668
0.006476
0.007771
0.009025
0.009820
0.007902
0.005665
0.009109
0.007217
0.004725
0.008505
0.008016
0.007161
0.005908
0.007755
0.006987
0.005531
0.006813
0.007968
0.006351
0.004750
0.006774
0.004680
0.007255
0.006262
0.008024
0.008500
0.001256
0.005286
0.001256
0.005736
0.001256
0.003963
0.012089
0.008382
0.008316
0.010730
0.004981
0.007198
0.011781
0.010202
0.007326
0.008222
0.007430
0.005327
0.009015
0.008112
0.009630
0.009543
0.008501
0.008211
0.008585
0.010741
0.007941
0.008499
0.007535
0.007195
0.007193
0.008741
0.005052
0.009228
0.008067
0.008331
0.008676
0.005867
0.007462
0.007991
0.007734
0.009703
0.010357
0.012587
0.010043
0.007842
0.011350
0.014295
0.012544
0.011543
0.008425
0.008611
0.011289
0.013481
0.007533
0.009013
0.008696
0.007531
0.011399
0.008206
0.010265
0.009392
0.007460
0.009554
0.008486
0.010077
0.007011
0.006009
0.007638
0.008300
0.010796
0.010027
0.007199
0.008401
0.007578
0.007894
0.007596
0.007526
0.011145
0.009850
0.008014
0.005140
0.008014
0.006564
0.012434
0.011240
0.008457
0.007772
0.009864
0.010397
