0.009375
0.008733
0.008238
0.008419
0.005553
0.008081
0.005474
0.009768
0.009649
0.009458
0.008955
0.007965
0.004380
0.008028
0.006264
0.008651
0.005235
0.008395
0.004886
0.008962
0.008394
0.007567
0.009387
0.007337
0.007907
0.007505
0.008383
0.003491
0.010064
0.005826
0.003770
0.002824
0.005641
0.003613
0.008187
0.009542
0.008152
0.009482
0.005857
0.007914
0.006436
0.003633
0.006999
0.005363
0.003316
0.005151
0.005015
0.007378
0.006572
0.007331
0.005633
0.006706
0.006321
0.007014
0.008931
0.004484
0.005689
0.005887
0.005750
0.007138
0.008928
0.006445
0.003888
0.004639
0.006666
0.006381
0.005467
0.007192
0.004869
0.004972
0.007214
0.005480
0.007139
0.006661
0.008240
0.007474
0.008825
0.007717
0.006742
0.008067
0.008826
0.003888
0.006272
0.005549
0.003723
0.004713
0.004921
0.007796
0.008838
0.002940
0.005626
0.004826
0.005968
0.007178
0.005936
0.009331
0.006285
0.005836
0.009398
0.005090
0.004770
0.007255
0.006545
0.005744
0.005732
0.005786
0.007440
0.006412
0.003237
0.005997
0.004616
0.005310
0.005307
0.007857
0.005562
0.005259
0.007915
0.007058
0.004679
0.006424
0.006256
0.006492
0.005579
0.004536
0.006646
0.005007
0.003450
0.006469
0.007709
0.005941
0.004932
0.005967
0.007178
0.006998
0.004905
0.003257
0.004543
0.007326
0.005300
0.007534
0.004636
0.005081
0.008258
0.005653
0.006750
0.006908
0.006575
0.005276
0.005297
0.008475
0.005975
0.007476
0.008367
0.008339
