0.005323
0.006581
0.007274
0.007922
0.005315
0.005111
0.006348
0.008699
0.006131
0.005190
0.003619
0.006894
0.006082
0.004650
0.004777
0.006756
0.007629
0.004635
0.007630
0.004879
0.006590
0.006087
0.005937
0.006616
0.005372
0.004057
0.004982
0.005342
0.005004
0.003994
0.008580
0.005537
0.003704
0.006479
0.008407
0.006522
0.007342
0.004636
0.004266
0.005870
0.006957
0.007877
0.004686
0.006388
0.005028
0.006075
0.004712
0.005008
0.007215
0.007645
0.005651
0.007192
0.003864
0.004107
0.008285
0.008549
0.007644
0.008053
0.007322
0.008251
0.006031
0.005088
0.007784
0.005654
0.003593
0.006760
0.011106
0.008111
0.006035
0.006969
0.004848
0.006130
0.007645
0.007329
0.006706
0.008871
0.006302
0.008015
0.008553
0.008185
0.006172
0.005429
0.008499
0.008108
0.003315
0.007051
0.006218
0.007542
0.004313
0.005589
0.005658
0.004646
0.006587
0.003485
0.004716
0.008087
0.007804
0.005187
0.005501
0.008461
0.006606
0.005161
0.008485
0.007304
0.007612
0.007996
0.005429
0.008570
0.007616
0.006352
0.005187
0.006453
0.005503
0.006807
0.007731
0.008811
0.007782
0.007806
0.008957
0.008003
0.006738
0.005478
0.008125
0.004678
0.004836
0.005487
0.005627
0.005281
0.008707
0.003558
0.006657
0.009382
0.005667
0.006041
0.004366
0.007960
0.005964
0.008145
0.006129
0.005893
0.006950
0.006620
0.007601
0.006263
0.010250
0.005915
0.009402
0.005655
0.006822
0.009380
0.012339
0.006501
0.008048
