0.006531
0.007680
0.007776
0.009157
0.004891
0.012069
0.013390
0.007774
0.007699
0.007945
0.006781
0.007347
0.007656
0.006633
0.006567
0.005408
0.006622
0.004406
0.008136
0.007214
0.009636
0.009861
0.010547
0.008629
0.004322
0.004238
0.005396
0.005178
0.003667
0.005222
0.007787
0.010188
0.005594
0.005873
0.008597
0.008318
0.011328
0.006016
0.013234
0.004609
0.007362
0.004263
0.007387
0.007539
0.007387
0.006443
0.007572
0.007734
0.010798
0.007548
0.005898
0.007667
0.007409
0.005784
0.006687
0.006433
0.010507
0.010023
0.007508
0.005686
0.007975
0.009975
0.011487
0.008854
0.007297
0.003239
0.011356
0.004619
0.006209
0.004027
0.004644
0.006213
0.006596
0.003344
0.001199
0.007254
0.007724
0.006170
0.012457
0.012561
0.005771
0.009498
0.005803
0.008942
0.006495
0.009655
0.005238
0.010251
0.006769
0.007764
0.007105
0.005040
0.004251
0.006580
0.010158
0.004702
0.012432
0.008521
0.005212
0.008250
0.009383
0.010192
0.009570
0.011412
0.012166
0.011726
0.009816
0.010098
0.010358
0.012336
0.006116
0.007202
0.013210
0.007939
0.010726
0.009647
0.009025
0.008731
0.011217
0.011297
0.010812
0.009365
0.012172
0.010272
0.007732
0.008289
