0.005013
0.004010
0.003374
0.002478
0.005013
0.004177
0.004571
0.003305
0.002823
0.004131
0.004209
0.004248
0.003363
0.003252
0.004205
0.004548
0.004335
0.002651
0.004383
0.003476
0.003974
0.004911
0.004999
0.005234
0.004973
0.005063
0.004160
0.004870
0.003714
0.004059
0.004127
0.003450
0.003746
0.003791
0.003895
0.004358
0.006191
0.004124
0.004544
0.005842
0.004504
0.006451
0.005139
0.004332
0.003575
0.003325
0.002315
0.003704
0.004538
0.001501
0.003991
0.004504
0.004382
0.003616
0.004622
0.003836
0.004318
0.003458
0.003861
0.004154
0.005873
0.004770
0.003403
0.003656
0.004758
0.004382
0.005483
0.004586
0.005033
0.004664
0.003397
0.002635
0.003627
0.004406
0.005203
0.004356
0.005424
0.003781
0.003100
0.003896
0.003739
0.002587
0.004040
0.004922
0.004433
0.003947
0.003618
0.006032
0.003434
0.003638
0.003773
0.003699
0.005706
0.002824
0.004214
0.004559
0.004438
0.003435
0.003435
0.004511
0.003206
0.003337
0.003511
0.001800
0.004142
0.003290
0.004099
0.003222
0.003140
0.002910
0.004676
0.004480
0.003483
0.004301
0.003790
0.003988
0.003905
0.002526
0.002000
0.004090
0.003529
0.004529
0.004891
0.003102
0.005590
0.003065
0.004046
0.002149
0.004037
0.004491
0.003363
0.003548
0.003471
0.002553
0.002098
0.002642
0.004253
0.004167
0.004287
0.002384
0.003978
0.003330
0.003098
0.003327
0.005243
0.003217
0.003346
0.004823
0.003004
0.003873
0.004433
0.003718
0.003716
0.003966
0.003529
0.003698
0.003870
0.004233
0.006080
0.005292
0.004357
0.002622
0.003267
0.003981
0.004863
0.003286
0.004509
0.003226
0.005424
0.004604
0.004234
0.004532
0.004345
0.003321
0.003273
0.004685
0.004508
0.003363
0.004769
0.004364
0.004115
0.003746
0.003973
0.004490
0.003670
0.002550
0.003833
0.004451
0.004544
0.004790
0.004356
0.003722
0.005694
0.004516
0.003096
0.002959
0.002189
0.002809
0.003050
0.005172
0.003845
0.003119
0.003340
0.002060
0.005044
0.004132
0.003029
0.004081
0.003072
0.002274
0.005268
0.003337
0.002704
0.004798
0.004436
0.003587
0.003965
0.004038
0.003090
0.004786
0.004671
0.004671
0.005581
0.004211
0.005295
0.005040
0.002516
0.004983
0.003152
0.003481
0.004000
0.003526
0.003801
0.004508
0.004179
0.004568
0.004080
0.004282
0.004687
0.005296
0.003803
0.002894
0.003469
0.003282
0.003794
0.003624
0.003351
0.003734
0.003111
0.003898
0.004390
0.003864
