0.016208
0.018200
0.021037
0.021954
0.018950
0.022137
0.021276
0.016029
0.013537
0.023588
0.010122
0.016315
0.015774
0.009757
0.020574
0.024337
0.025328
0.017700
0.021621
0.020634
0.015473
0.020086
0.015283
0.017326
0.017965
0.011120
0.010778
0.016421
0.010784
0.013175
0.022161
0.016817
0.018192
0.014347
0.022870
0.016749
0.017025
0.018035
0.023599
0.021654
0.018096
0.020791
0.016521
0.010216
0.011165
0.012443
0.013321
0.017158
0.010499
0.010915
0.011051
0.024755
0.020799
0.021983
0.015438
0.019504
0.012790
0.017615
