0.007529
0.005548
0.011029
0.010184
0.009969
0.009978
0.010878
0.010341
0.007250
0.007228
0.005160
0.006348
0.010309
0.007361
0.008287
0.010258
0.009669
0.007548
0.010270
0.009312
0.009081
0.008528
0.006465
0.006935
0.008129
0.008912
0.008305
0.006381
0.004407
0.009755
0.005152
0.005232
0.009542
0.007668
0.006453
0.008426
0.007720
0.007251
0.006423
0.005167
0.005811
0.007402
0.006937
0.007335
0.007707
0.007726
0.009623
0.006294
0.008028
0.010448
0.009680
0.006331
0.008188
0.005735
0.005321
0.009110
0.005585
0.010276
0.001196
0.010601
0.001196
0.011397
0.001196
0.010197
0.007090
0.007575
0.004865
0.006472
0.007601
0.004821
0.006336
0.005129
0.008186
0.009776
0.007845
0.007537
0.008892
0.009254
0.006579
0.008274
0.007394
0.007200
0.009797
0.008573
0.007989
0.009979
0.007822
0.007387
0.006012
0.007508
0.009455
0.006303
0.005541
0.008623
0.006596
0.008172
0.009274
0.008515
0.006408
0.008893
0.009536
0.007205
0.005815
0.009625
0.008884
0.008619
0.006625
0.008608
0.009121
0.009136
0.009050
0.006494
0.010233
0.006555
0.007752
0.007581
0.006372
0.007900
0.011210
0.009357
0.008318
0.008043
0.009233
0.007959
0.007971
0.010087
0.008443
0.006888
