0.005381
0.008759
0.008728
0.006648
0.008842
0.006278
0.007815
0.004257
0.004144
0.006863
0.008711
0.006588
0.006870
0.005001
0.003987
0.004045
0.006182
0.007669
0.008434
0.006401
0.008066
0.003634
0.006109
0.007027
0.005095
0.005951
0.006478
0.007000
0.007442
0.006346
0.007453
0.008456
0.009739
0.008939
0.007332
0.005375
0.007949
0.006136
0.003983
0.006243
0.005170
0.005788
0.003323
0.003620
0.005566
0.005123
0.005180
0.007066
0.006810
0.006628
0.005753
0.004591
0.008147
0.003727
0.005434
0.008176
0.009334
0.006475
0.007218
0.008254
0.003980
0.006746
0.008796
0.008844
0.009031
0.007205
0.006332
0.007537
0.007060
0.005923
0.006662
0.004956
0.006170
0.006050
0.006792
0.005543
0.004741
0.004430
0.006970
0.003864
0.006967
0.006459
0.005183
0.004606
0.006443
0.003947
0.004044
0.005926
0.003912
0.008055
0.006322
0.005359
0.005359
0.008969
0.007157
0.006136
0.006182
0.002690
0.008256
0.006660
0.006280
0.008607
0.006028
0.004868
0.007316
0.004089
0.006424
0.003399
0.004894
0.000927
0.005964
0.000927
0.006525
0.000927
0.007204
0.000927
0.007696
0.000927
0.007124
0.006532
0.004275
0.006182
0.006421
0.006721
0.004254
0.004827
0.007188
0.006165
0.007210
0.006485
0.007537
0.004740
0.004386
0.005400
0.007302
0.005969
0.005625
0.008313
0.003879
0.005472
0.006149
0.007354
0.003859
0.005755
0.007093
0.006625
0.007054
0.006010
0.004455
0.004927
0.005650
0.005979
0.004450
0.006397
0.003897
0.003365
0.005598
0.006519
0.005522
0.004846
0.007633
0.005276
0.006681
0.007544
0.004638
0.006783
