0.009966
0.012679
0.010364
0.009013
0.006919
0.009231
0.005921
0.005812
0.009993
0.010218
0.007505
0.008860
0.013969
0.006475
0.009054
0.007404
0.006702
0.007427
0.007057
0.009199
0.010008
0.011267
0.006212
0.007799
0.004161
0.007922
0.009593
0.006512
0.005192
0.012860
0.009985
0.004349
0.004231
0.001256
0.007326
0.006139
0.007327
0.007868
0.008463
0.007221
0.006838
0.006287
0.007463
0.001256
0.007508
0.007602
0.006736
0.005545
0.001256
0.011042
0.010701
0.004881
0.006938
0.010078
0.010007
0.007731
0.008964
0.006701
0.007926
0.009984
0.009874
0.004548
0.006109
0.008727
0.009581
0.010163
0.009681
0.010451
0.008078
0.009433
0.006626
0.009487
0.007950
0.007295
0.008398
0.007270
0.008125
0.006905
0.008172
0.011823
0.013300
0.009355
0.010546
0.006062
0.004434
0.010474
0.010155
0.010945
0.007397
0.006966
0.012394
0.011539
0.008411
0.007878
0.005606
0.007919
0.008387
0.008263
0.007252
0.008359
0.008280
0.008263
0.012153
0.008359
0.007497
0.008263
0.007488
0.008359
0.007221
0.008263
0.010584
0.008845
0.007866
0.008359
0.009174
0.008460
0.011282
0.008370
0.005752
0.009114
0.009446
0.009365
