0.004507
0.005458
0.006522
0.006492
0.007251
0.005553
0.004631
0.003448
0.004736
0.005516
0.004263
0.003505
0.004856
0.004644
0.003834
0.003266
0.004679
0.003961
0.006445
0.004102
0.006019
0.005228
0.003487
0.004429
0.004787
0.007207
0.008474
0.004470
0.004247
0.003700
0.004700
0.004316
0.004012
0.005892
0.005893
0.004169
0.006342
0.004959
0.004841
0.004626
0.003866
0.005208
0.003872
0.004104
0.003661
0.003077
0.003244
0.005572
0.005109
0.005917
0.003143
0.003407
0.003366
0.005105
0.003990
0.003404
0.005008
0.006322
0.005249
0.004202
0.004310
0.004343
0.005166
0.005441
0.003977
0.007143
0.005609
0.004834
0.005285
0.004620
0.004560
0.003638
0.007273
0.004179
0.003969
0.003809
0.004201
0.004585
0.005468
0.005514
0.005175
0.005803
0.004654
0.005198
0.004171
0.004565
0.005773
0.006187
0.004242
0.006723
0.008443
0.004279
0.006527
0.005287
0.003967
0.005336
0.004217
0.005748
0.006739
0.005816
0.005280
0.003785
0.005031
0.006042
0.006496
0.004655
0.005955
0.006033
0.000766
0.006162
0.005830
0.003387
0.004932
0.004752
0.004489
0.003901
0.006455
0.006406
0.004223
0.007971
0.006274
0.004231
0.004447
0.008091
0.006835
0.004949
0.004444
0.002899
0.006810
0.006259
0.005255
0.005910
0.005318
0.006543
0.003420
0.005336
0.005669
0.004215
0.005949
0.006962
0.005030
0.005339
0.007094
0.007529
0.007984
0.004605
0.004777
0.005825
0.003653
0.002874
0.003161
0.005943
0.004293
0.003872
0.005707
0.004497
0.005692
0.004401
0.003931
0.005954
0.007917
0.006481
0.003924
0.005095
0.003828
0.004134
0.004306
0.004384
0.004550
0.005405
0.004925
0.007366
0.006349
0.000766
0.005855
0.003617
0.006372
0.006727
0.006425
0.005099
0.003100
0.002301
0.006033
0.005970
0.006904
0.006453
0.006316
0.000766
0.004795
0.005647
0.005063
0.005241
0.005270
0.000766
0.006730
0.003561
0.003117
0.000766
0.005453
0.004624
