0.002958
0.002703
0.004192
0.004717
0.005616
0.004994
0.007170
0.007381
0.004914
0.005105
0.003701
0.006838
0.006871
0.004588
0.005132
0.007659
0.004754
0.007935
0.007342
0.006877
0.005288
0.006610
0.004438
0.004717
0.005430
0.006075
0.005304
0.004167
0.005856
0.006556
0.005915
0.006391
0.003316
0.004723
0.007499
0.006417
0.008372
0.005373
0.008026
0.006316
0.007713
0.007385
0.008285
0.006819
0.002516
0.005075
0.007173
0.007631
0.006432
0.006369
0.005155
0.006366
0.007462
0.006881
0.007201
0.007731
0.006735
0.004931
0.009389
0.005898
0.006780
0.005415
0.005129
0.007197
0.006852
0.005809
0.007040
0.005992
0.005889
0.005180
0.004556
0.005602
0.008085
0.004059
0.008557
0.005980
0.005629
0.004266
0.004940
0.007035
0.004802
0.005234
0.004919
0.005378
0.004069
0.005517
0.004991
0.004990
0.006782
0.006510
0.004296
0.005083
0.006478
0.002316
0.005961
0.005124
0.004519
0.004175
0.004605
0.006178
0.006098
0.006065
0.006233
0.007149
0.005360
0.003966
0.009535
0.006954
0.006074
0.003626
0.007724
0.006282
0.007897
0.004957
0.008126
0.003361
0.005951
0.003361
0.005609
0.003340
0.005899
0.003361
0.004961
0.007136
0.004990
0.004374
0.005049
0.007678
0.007468
0.007947
0.006127
0.007863
0.006261
0.005131
0.004150
0.007148
0.006363
0.005229
0.003945
0.005931
0.005099
0.004524
0.005409
0.004799
0.006817
0.004431
0.004707
0.006064
0.007004
0.005327
0.006399
0.007819
0.006906
0.005979
0.007432
0.005047
0.006987
0.005436
0.007046
0.007810
0.005710
0.006111
0.006168
0.004295
0.005948
0.006675
0.004591
0.004792
0.005850
0.004521
0.006315
