0.005779
0.008750
0.012494
0.011149
0.009547
0.008896
0.006811
0.005834
0.001171
0.005481
0.005278
0.011464
0.008951
0.010686
0.009820
0.007299
0.011215
0.007803
0.011297
0.005602
0.008459
0.008958
0.006867
0.006680
0.005279
0.005803
0.007018
0.005638
0.006420
0.006721
0.004900
0.006499
0.008015
0.010211
0.005850
0.004949
0.006865
0.006875
0.012018
0.008380
0.005638
0.007174
0.008421
0.006285
0.005444
0.007415
0.007370
0.004708
0.010958
0.008612
0.009276
0.010353
0.009656
0.006085
0.005734
0.007713
0.007284
0.008842
0.007022
0.005539
0.009845
0.005713
0.008082
0.009033
0.008351
0.009524
0.006236
0.010093
0.007825
0.005181
0.007011
0.005872
0.004886
0.005542
0.008631
0.006569
0.007234
0.007455
0.005542
0.007829
0.008951
0.007550
0.010432
0.007019
0.005850
0.004782
0.009328
0.009478
0.011248
0.008363
0.007602
0.007961
0.006587
0.009026
0.009394
0.009475
0.008543
0.010489
0.007967
0.007099
0.007065
0.009521
0.009419
0.007527
0.011717
0.009537
0.007571
0.006038
0.005682
0.006442
0.009797
0.004780
0.006123
0.005710
0.006217
0.008897
0.008053
0.006079
0.006976
0.008804
0.007231
0.008546
0.009590
0.012407
0.009034
0.008141
0.008930
0.008229
0.005078
