0.013244
0.007523
0.009612
0.011160
0.007694
0.010206
0.006520
0.011585
0.009120
0.008889
0.008389
0.004687
0.006763
0.005867
0.006406
0.007421
0.009283
0.011885
0.006628
0.006467
0.009613
0.007251
0.006381
0.009608
0.007912
0.005302
0.008312
0.007642
0.007460
0.006358
0.011749
0.009517
0.009380
0.005004
0.009154
0.008945
0.007463
0.008017
0.006659
0.007761
0.008922
0.010639
0.009810
0.007856
0.005488
0.005088
0.007889
0.007558
0.012242
0.006653
0.006860
0.012966
0.012658
0.009272
0.011104
0.010358
0.007276
0.010083
0.011188
0.010648
0.008073
0.008252
0.009005
0.010609
0.006143
0.006727
0.007485
0.007956
0.007455
0.006437
0.009924
0.009297
0.008852
0.010878
0.006401
0.006738
0.010907
0.004679
0.009737
0.008647
0.009378
0.009332
0.007678
0.007981
0.009121
0.008067
0.008569
0.007251
0.011451
0.010930
0.007999
0.008952
0.008031
0.007935
0.007064
0.008549
0.007063
0.006925
0.009728
0.009062
0.008324
0.008930
0.006507
0.007771
0.008194
0.009183
0.006115
0.004800
0.006275
0.009057
0.011020
0.011838
0.004445
0.010377
0.007715
0.008982
0.009035
0.012769
