0.006168
0.008262
0.008532
0.006539
0.010412
0.008842
0.011252
0.007733
0.007087
0.007767
0.007335
0.005519
0.004347
0.005141
0.006004
0.006036
0.007539
0.005492
0.007677
0.008192
0.008390
0.007696
0.006220
0.004700
0.006799
0.006824
0.008083
0.005903
0.006260
0.004215
0.006820
0.010071
0.008151
0.008285
0.009509
0.009893
0.007102
0.009270
0.007717
0.001086
0.006256
0.009110
0.006341
0.008590
0.006837
0.008107
0.007887
0.006926
0.005266
0.005949
0.005179
0.008620
0.009519
0.011290
0.007362
0.007554
0.007277
0.008042
0.005739
0.007187
0.005293
0.008071
0.006550
0.008804
0.006252
0.008556
0.007084
0.006345
0.006315
0.005168
0.002929
0.004872
0.004601
0.006222
0.007239
0.006952
0.005862
0.008035
0.005026
0.007391
0.009743
0.008470
0.006432
0.008219
0.006791
0.007308
0.005393
0.009809
0.007124
0.009340
0.009272
0.006550
0.009217
0.003318
0.009259
0.008337
0.007635
0.009164
0.005982
0.005409
0.006412
0.005796
0.006677
0.007174
0.007674
0.006362
0.006272
0.008392
0.008278
0.005644
0.007632
0.010293
0.004293
0.009173
0.009451
0.008303
0.007365
0.007009
0.005686
0.007751
0.006224
0.006547
0.005717
0.005384
0.005064
0.006707
0.008220
0.009779
0.005685
0.008426
0.006881
0.007036
0.007386
0.009989
0.007886
0.008772
0.006454
0.008549
0.005412
