0.004346
0.006467
0.002682
0.004466
0.004063
0.003903
0.003631
0.004719
0.006085
0.004655
0.004491
0.004664
0.004704
0.003829
0.004697
0.003268
0.004890
0.004089
0.005109
0.002460
0.004013
0.003599
0.004310
0.003848
0.003618
0.005661
0.003694
0.004787
0.004454
0.005608
0.002594
0.005096
0.005297
0.004092
0.002053
0.004040
0.002573
0.002578
0.002902
0.004338
0.005227
0.003545
0.004907
0.004045
0.002285
0.005614
0.004934
0.003957
0.004131
0.004042
0.004113
0.004206
0.003543
0.003904
0.005413
0.002826
0.004059
0.004243
0.002278
0.003089
0.005046
0.005940
0.003854
0.004424
0.003121
0.004681
0.005565
0.003402
0.005181
0.005473
0.004637
0.004095
0.004923
0.003737
0.004254
0.003573
0.003107
0.004908
0.004731
0.003763
0.004198
0.003263
0.004291
0.004128
0.002741
0.003041
0.005175
0.003513
0.005617
0.003744
0.003072
0.003541
0.001913
0.004019
0.004101
0.003148
0.003399
0.004799
0.005114
0.005019
0.004115
0.005257
0.003913
0.005672
0.003922
0.001909
0.004709
0.003141
0.005262
0.002660
0.004164
0.003698
0.004349
0.004186
0.003890
0.005302
0.002564
0.005289
0.004101
0.004148
0.005406
0.004524
0.005006
0.005449
0.004796
0.001639
0.004039
0.003264
0.003876
0.004407
0.003359
0.004778
0.004059
0.003792
0.004966
0.003244
0.004575
0.003878
0.002870
0.003719
0.004417
0.004806
0.002752
0.002758
0.004283
0.003629
0.005116
0.002811
0.004081
0.004165
0.004146
0.003658
0.003371
0.005705
0.004442
0.003680
0.005589
0.002979
0.002463
0.004857
0.001709
0.003364
0.003823
0.004468
0.004903
0.004796
0.005065
0.003366
0.003842
0.002668
0.004356
0.006327
0.003417
0.004417
0.003755
0.003066
0.004439
0.004656
0.003985
0.004751
0.004477
0.003623
0.003812
0.006266
0.004181
0.004575
0.004128
0.003329
0.004276
0.002418
0.002080
0.004773
0.003431
0.003786
0.004664
0.003484
0.003755
0.004552
0.002393
0.001691
0.006943
0.002733
0.005824
0.003844
0.005655
0.003790
0.005410
0.004354
0.005046
0.003756
0.003703
0.004033
0.005248
0.005189
0.003800
0.003954
0.004517
0.004298
0.003963
0.003154
0.004972
0.003785
0.004376
0.005780
0.004538
0.005174
0.003913
0.003440
0.003898
0.004928
0.003870
0.004716
0.004120
0.003777
0.004635
0.003786
0.004047
0.004131
0.001818
0.003813
0.004805
0.004242
0.004766
