0.011393
0.010049
0.010762
0.010776
0.010586
0.013549
0.011205
0.007528
0.009875
0.011828
0.014615
0.007681
0.008030
0.007510
0.009487
0.013623
0.014041
0.011416
0.009320
0.011055
0.010957
0.007399
0.008476
0.008021
0.009592
0.009615
0.011569
0.012644
0.009559
0.010551
0.009605
0.007085
0.010839
0.006008
0.009381
0.008514
0.007881
0.007962
0.006275
0.007640
0.007300
0.007199
0.010418
0.006867
0.009611
0.009616
0.007214
0.009067
0.006129
0.007693
0.008088
0.008632
0.010135
0.007158
0.005129
0.009615
0.007769
0.012708
0.006093
0.007481
0.006250
0.012801
0.007363
0.014825
0.012997
0.012717
0.008416
0.010774
0.009786
0.007046
0.010940
0.007939
0.007353
0.008393
0.009700
0.008287
0.010679
0.006204
0.009189
0.009117
0.010505
0.007437
0.008755
0.012091
0.010478
0.013390
0.009401
0.007229
0.009860
0.013923
0.010937
0.012568
0.005659
0.009615
0.012198
0.009433
0.015857
0.010120
0.012122
0.006915
0.011628
0.012326
0.008741
0.010207
