0.008058
0.005111
0.006245
0.006709
0.004357
0.003578
0.005873
0.006439
0.005197
0.010835
0.009644
0.007394
0.007533
0.005220
0.004922
0.005515
0.004698
0.006016
0.008033
0.003751
0.005678
0.006743
0.004978
0.006242
0.007225
0.004899
0.006401
0.006822
0.008512
0.005181
0.007581
0.010537
0.009594
0.003455
0.004578
0.005491
0.004147
0.007708
0.005818
0.003913
0.006096
0.006309
0.003094
0.006122
0.006056
0.006437
0.005643
0.005244
0.008021
0.005609
0.005708
0.006588
0.007321
0.009060
0.008080
0.005971
0.004341
0.007060
0.003444
0.005724
0.006657
0.004109
0.005076
0.007777
0.007391
0.011623
0.008269
0.007720
0.003959
0.010541
0.006044
0.006256
0.008621
0.010855
0.008951
0.001062
0.008424
0.006398
0.009949
0.008637
0.009102
0.005496
0.008019
0.004326
0.008263
0.001062
0.006044
0.005294
0.004139
0.004343
0.010124
0.009068
0.008043
0.008968
0.009718
0.013597
0.009297
0.003968
0.007145
0.008293
0.008966
0.008136
0.006267
0.011086
0.008649
0.008534
0.007400
0.005281
0.006287
0.006973
0.010086
0.009455
0.010329
0.010594
0.006023
0.006669
0.005768
0.009237
0.010080
0.005768
0.007435
0.007556
0.007150
0.007676
0.006329
0.008699
0.007681
0.003968
0.005398
0.008683
0.007515
0.005391
0.010697
0.006008
0.008281
0.009072
0.011641
0.011316
0.006269
0.006190
0.007734
0.007440
0.005097
