0.015850
0.013569
0.011302
0.023694
0.011452
0.014694
0.022264
0.014295
0.012139
0.015504
0.011716
0.016566
0.013960
0.018951
0.018314
0.018916
0.020336
0.002160
0.018221
0.014664
0.013290
0.019300
0.011787
0.011877
0.010752
0.016205
0.022245
0.011855
0.015534
0.002160
0.012370
0.012918
0.012073
0.008426
0.010778
0.008151
0.011365
0.015882
0.017332
0.014636
0.008220
0.019649
0.013181
0.008015
0.024373
0.021202
0.016205
0.013455
0.020077
0.007366
0.019025
0.002160
0.013194
0.010281
0.010227
0.016419
0.012130
0.018253
0.013703
0.018289
0.014138
0.012769
0.019631
0.011566
0.007194
0.009854
0.010650
0.007630
0.018328
0.007810
0.019022
0.008482
