0.010229
0.008030
0.009963
0.007830
0.009834
0.008066
0.011078
0.013408
0.007596
0.011678
0.007551
0.007665
0.010595
0.008015
0.009650
0.009019
0.006312
0.014114
0.008349
0.005078
0.005628
0.009252
0.010794
0.008322
0.012413
0.004679
0.012574
0.011824
0.014782
0.007048
0.009402
0.009144
0.015140
0.009791
0.012106
0.013297
0.008137
0.001407
0.004680
0.011970
0.012571
0.008953
0.013810
0.009045
0.010760
0.005721
0.008632
0.005766
0.001407
0.008888
0.005333
0.006565
0.007000
0.011505
0.009948
0.010828
0.005229
0.010826
0.005349
0.010865
0.004323
0.007775
0.009074
0.004644
0.008170
0.009233
0.015032
0.008358
0.012553
0.011068
0.008798
0.005893
0.013231
0.011911
0.009296
0.009876
0.008684
0.010741
0.005628
0.008403
0.009353
0.007794
0.012472
0.012673
0.011054
0.010188
0.007119
0.009638
0.014788
0.001407
0.013229
0.007741
0.011898
0.008322
0.006155
0.013772
0.008687
0.001407
0.004725
0.010204
0.005918
0.009237
0.007506
0.008977
0.011157
0.009381
0.006871
0.010490
0.009256
0.010439
