0.002732
0.002314
0.003582
0.003895
0.003516
0.003556
0.002962
0.004044
0.003802
0.004503
0.003068
0.002782
0.005155
0.001668
0.003337
0.002221
0.002983
0.003586
0.003582
0.004563
0.002749
0.003139
0.002383
0.002682
0.002455
0.002304
0.002885
0.003841
0.003769
0.004470
0.004509
0.004335
0.002724
0.003005
0.003174
0.003574
0.001772
0.003850
0.002580
0.001927
0.002182
0.002723
0.004129
0.002308
0.003947
0.003695
0.004091
0.003048
0.002817
0.002418
0.003357
0.003474
0.001621
0.002150
0.002163
0.002980
0.003560
0.003562
0.000492
0.002879
0.002954
0.004585
0.004563
0.003556
0.004120
0.003897
0.003666
0.002812
0.003145
0.004188
0.003464
0.004437
0.004368
0.002920
0.002552
0.002602
0.001723
0.002319
0.002305
0.002753
0.004042
0.002755
0.002546
0.004380
0.002418
0.000492
0.002986
0.002216
0.003435
0.002502
0.003495
0.000492
0.002608
0.004755
0.003428
0.002743
0.004010
0.003442
0.003575
0.003257
0.002510
0.003518
0.002916
0.003836
0.003889
0.004153
0.003637
0.004157
0.004323
0.004971
0.002364
0.002001
0.002001
0.001977
0.003807
0.003469
0.003910
0.003388
0.003754
0.004208
0.003229
0.005014
0.004832
0.003142
0.000492
0.002019
0.002654
0.003703
0.003284
0.003389
0.003480
0.003678
0.004262
0.004849
0.001710
0.002038
0.002131
0.002794
0.002259
0.003950
0.002998
0.003757
0.002346
0.002901
0.003191
0.002366
0.003948
0.004875
0.003705
0.003472
0.003293
0.003104
0.003284
0.004341
0.003699
0.004172
0.003998
0.004148
0.000492
0.001240
0.003296
0.003517
0.002543
0.004006
0.004350
0.003864
0.003846
0.004432
0.004519
0.000492
0.000492
0.000492
0.000492
0.000492
0.000492
0.004088
0.002426
0.004175
0.002566
0.004738
0.004406
0.003990
0.004075
0.003789
0.003701
0.001835
0.004513
0.003268
0.004058
0.002779
0.002731
0.003775
0.002970
0.002278
0.005090
0.003878
0.004395
0.003277
0.003716
0.004621
0.003418
0.003350
0.002970
0.003804
0.003031
0.004259
0.003248
0.003782
0.003348
0.002015
0.003560
0.002508
0.002896
0.002599
0.004721
0.003507
0.003142
0.004345
0.003406
0.003492
0.003987
0.004651
0.003238
0.003491
0.001712
0.003077
0.003256
0.004277
0.004307
0.003932
0.002936
0.002214
0.002817
0.002599
0.002268
0.003635
0.002435
0.003645
0.002476
0.004231
0.003558
0.003491
0.003892
0.003772
0.003944
0.004243
0.004263
0.003155
0.003171
0.002833
0.003613
0.001916
0.004002
0.002493
0.003584
0.002036
0.002472
0.002633
0.004326
0.002719
0.002709
0.003914
0.003319
0.002447
0.002019
0.001912
0.002165
0.003423
0.003126
0.002456
0.002621
0.003633
0.002854
0.003620
0.003144
0.002523
0.003044
0.002497
0.003264
0.002502
0.002177
0.003821
0.001714
0.004220
0.003409
0.003336
0.002180
0.002102
0.002386
0.002840
0.002228
0.002756
0.003645
0.003773
0.001617
0.002103
0.003020
0.002639
0.003074
0.003191
0.002927
0.003889
0.003455
0.002915
0.004231
0.003384
0.003278
0.004202
0.003905
0.003044
0.004262
0.003056
0.003165
0.002588
