0.003498
0.005125
0.003957
0.006081
0.009124
0.005993
0.006385
0.006090
0.010271
0.006440
0.008563
0.007412
0.006022
0.010314
0.004864
0.008168
0.008645
0.011490
0.008254
0.005003
0.006335
0.003605
0.004882
0.009139
0.004669
0.005975
0.008110
0.006847
0.008987
0.007938
0.005420
0.004770
0.003244
0.003911
0.006005
0.005317
0.005868
0.007135
0.006517
0.007078
0.007987
0.008248
0.007453
0.009233
0.007801
0.008302
0.005270
0.006462
0.008666
0.008345
0.011219
0.006537
0.008295
0.009427
0.008716
0.007133
0.006256
0.010430
0.004948
0.008358
0.007247
0.007005
0.008522
0.007249
0.006558
0.007283
0.006732
0.005462
0.004911
0.004933
0.004490
0.005103
0.004204
0.007804
0.006169
0.003117
0.007921
0.005940
0.006774
0.004212
0.007364
0.007660
0.007179
0.004359
0.009204
0.007254
0.007971
0.010031
0.006658
0.010824
0.008900
0.004857
0.005634
0.007551
0.005752
0.005814
0.003209
0.006546
0.011229
0.006969
0.007934
0.006842
0.003934
0.005050
0.006643
0.005089
0.007112
0.007876
0.011585
0.008741
0.010057
0.014433
0.007474
0.007987
0.006763
0.007916
0.004346
0.013471
0.009281
0.006645
0.009016
0.009302
0.007854
0.007679
0.005538
0.006354
0.009070
0.006152
0.006340
0.009585
0.010160
0.007812
0.008568
0.005022
0.004283
0.004684
0.003127
0.008591
0.006822
0.008702
0.007025
