0.004582
0.007295
0.005738
0.007829
0.005484
0.005780
0.006082
0.004978
0.004008
0.005692
0.005373
0.005342
0.004708
0.005738
0.005052
0.005862
0.006204
0.007806
0.006898
0.005602
0.007520
0.007412
0.005516
0.008552
0.005994
0.007050
0.005134
0.005322
0.006747
0.008284
0.009700
0.007156
0.005240
0.007404
0.004833
0.004754
0.004653
0.005101
0.006519
0.006602
0.006343
0.008799
0.006374
0.007076
0.006241
0.005997
0.008079
0.006095
0.008838
0.004596
0.005696
0.005101
0.007019
0.005699
0.005038
0.005973
0.006852
0.006350
0.007225
0.008061
0.008731
0.005247
0.005762
0.007997
0.008332
0.008631
0.005455
0.006811
0.007693
0.008153
0.004571
0.005833
0.006006
0.005368
0.006284
0.007463
0.006896
0.007191
0.007910
0.007303
0.005714
0.006740
0.007606
0.007488
0.004386
0.003953
0.004669
0.006871
0.008044
0.007340
0.006479
0.004171
0.005905
0.006890
0.005833
0.009258
0.006144
0.004401
0.008650
0.007456
0.006844
0.007768
0.007466
0.006222
0.006086
0.002844
0.004162
0.006494
0.006679
0.004289
0.006436
0.006898
0.004655
0.005095
0.004089
0.004347
0.006683
0.004077
0.006741
0.009227
0.008249
0.007150
0.007369
0.006186
0.007164
0.006621
0.006538
0.007849
0.008107
0.007126
0.009331
0.006219
0.004638
0.005443
0.005196
0.007473
0.004172
0.006356
0.006429
0.003744
0.004473
0.006404
0.007809
0.005718
0.006563
0.005764
0.007552
0.007518
0.006097
0.005691
0.008813
0.009828
0.008648
0.004610
0.006578
0.006842
