0.013709
0.012317
0.015048
0.016970
0.016858
0.010662
0.015931
0.012679
0.014861
0.010205
0.007487
0.013008
0.016180
0.014129
0.010227
0.009783
0.012448
0.016923
0.018365
0.016760
0.014010
0.020635
0.020474
0.013072
0.015548
0.014172
0.016227
0.014085
0.014987
0.018159
0.018428
0.007561
0.009890
0.015541
0.013074
0.013655
0.022397
0.011152
0.015165
0.015009
0.013125
0.010262
0.009791
0.013521
0.016515
0.009733
0.009554
0.013303
0.011762
0.015492
0.013507
0.018790
0.017306
0.011236
0.014754
0.017435
0.011698
0.014422
0.016563
0.013244
0.012102
0.009981
0.007983
0.016082
0.013580
0.015840
0.011590
0.014637
0.016622
0.018294
0.013486
