0.006008
0.006120
0.009576
0.011332
0.011005
0.013046
0.011007
0.006401
0.006641
0.010054
0.010172
0.009425
0.005827
0.010901
0.011237
0.011893
0.013464
0.005982
0.010966
0.012807
0.011266
0.009867
0.011921
0.011013
0.005958
0.009509
0.004102
0.007225
0.006346
0.006076
0.006059
0.008479
0.006783
0.008387
0.006609
0.006614
0.007828
0.005600
0.013221
0.014108
0.008604
0.008218
0.012230
0.009766
0.006516
0.010748
0.001330
0.010281
0.001330
0.009209
0.010148
0.001330
0.009924
0.006554
0.007052
0.010037
0.010144
0.006707
0.008168
0.007543
0.007420
0.007267
0.010072
0.007144
0.008356
0.009387
0.001330
0.008911
0.006817
0.007384
0.011993
0.007947
0.005594
0.008061
0.005869
0.009880
0.007613
0.008573
0.007913
0.008154
0.009496
0.007412
0.005962
0.007087
0.009539
0.009160
0.008910
0.006045
0.006280
0.011530
0.007255
0.014010
0.011140
0.012510
0.006516
0.001330
0.009030
0.009049
0.007893
0.010687
0.008562
0.012547
0.011542
0.009524
0.008532
0.006899
0.011226
0.013152
0.011671
0.013176
0.005874
0.009749
0.007571
0.010214
0.003870
0.003822
0.008869
