0.004931
0.007679
0.005701
0.006913
0.007254
0.008603
0.008806
0.004734
0.005736
0.003976
0.004916
0.008622
0.004764
0.004374
0.004548
0.007196
0.005345
0.006101
0.006794
0.007192
0.009018
0.007508
0.008612
0.005266
0.008376
0.011161
0.004398
0.003364
0.004458
0.006172
0.005647
0.005178
0.005144
0.006699
0.005469
0.007665
0.005288
0.006304
0.006285
0.006002
0.004794
0.004336
0.004914
0.004199
0.005222
0.004613
0.003588
0.006254
0.005796
0.006800
0.004039
0.004188
0.005205
0.004881
0.006859
0.007630
0.005566
0.004341
0.006336
0.005184
0.005665
0.007625
0.004987
0.003939
0.002942
0.006123
0.004496
0.005963
0.003160
0.006033
0.005169
0.006753
0.004443
0.004884
0.006017
0.005362
0.005471
0.006456
0.004687
0.004715
0.007200
0.006704
0.005447
0.009464
0.007346
0.005120
0.011215
0.008673
0.005017
0.007318
0.005968
0.006267
0.004107
0.007589
0.007848
0.004757
0.007983
0.005104
0.008531
0.003154
0.005199
0.005460
0.005432
0.007396
0.008564
0.005099
0.007900
0.007340
0.009487
0.006636
0.005870
0.005241
0.005842
0.006298
0.007928
0.008243
0.006220
0.008811
0.006340
0.008779
0.003732
0.007644
0.008047
0.004050
0.005510
0.004533
0.005681
0.003262
0.008030
0.006369
0.006510
0.008435
0.007765
0.007241
0.006822
0.008761
0.005909
0.006779
0.006922
0.006098
0.007209
0.007269
0.004629
0.003718
0.006235
0.004300
0.006658
0.005691
0.008030
0.005335
0.005485
0.003714
0.004926
0.004646
0.003796
0.003247
0.004984
0.006482
0.004849
0.008188
0.007381
0.006728
0.007163
0.006504
