0.008875
0.008105
0.006931
0.008360
0.007663
0.006236
0.008385
0.006443
0.010156
0.006616
0.007724
0.006675
0.006631
0.006821
0.009004
0.005301
0.007067
0.012667
0.007032
0.009742
0.007546
0.009574
0.007982
0.006409
0.006581
0.010253
0.007549
0.008294
0.007343
0.006775
0.004808
0.005623
0.005403
0.007233
0.006151
0.007040
0.007658
0.005894
0.005633
0.009018
0.008928
0.007825
0.009801
0.001135
0.010887
0.011659
0.006171
0.003435
0.006253
0.007584
0.006374
0.008023
0.009768
0.001135
0.008745
0.007397
0.007968
0.009086
0.006302
0.009426
0.008388
0.005661
0.006337
0.005866
0.003235
0.005875
0.006494
0.009673
0.001135
0.008633
0.011420
0.009453
0.004985
0.005829
0.006311
0.005392
0.007111
0.008339
0.006678
0.008322
0.007809
0.008381
0.009412
0.009451
0.008130
0.006091
0.009280
0.001135
0.008900
0.006659
0.007302
0.005785
0.008094
0.008807
0.007707
0.007114
0.004442
0.007663
0.008549
0.004311
0.001135
0.006007
0.007337
0.008215
0.004311
0.001135
0.008821
0.009030
0.005203
0.012288
0.001135
0.005918
0.008754
0.005630
0.011090
0.008582
0.010159
0.008287
0.008242
0.009402
0.007646
0.005308
0.008165
0.006498
0.010342
0.007881
0.007917
0.010766
0.007699
0.003460
0.007080
0.005401
0.005716
0.009282
0.007758
0.006404
0.009291
0.004311
0.001135
