0.012125
0.013308
0.011367
0.007354
0.011806
0.009842
0.009301
0.008553
0.015269
0.011862
0.010825
0.008536
0.008032
0.006053
0.007142
0.005691
0.006477
0.007595
0.008285
0.006354
0.010487
0.011700
0.008589
0.008115
0.004533
0.009782
0.007413
0.006643
0.009361
0.006560
0.012172
0.007966
0.009340
0.007444
0.009762
0.006534
0.008783
0.007278
0.010291
0.009653
0.009297
0.006775
0.006916
0.009852
0.010325
0.009464
0.005469
0.008224
0.006605
0.009672
0.009244
0.008405
0.007035
0.007392
0.009482
0.011013
0.009866
0.009096
0.007091
0.008537
0.009637
0.007694
0.008849
0.006664
0.011731
0.009446
0.007063
0.007059
0.007153
0.005878
0.007913
0.008501
0.009179
0.008136
0.008889
0.009311
0.006620
0.006205
0.009031
0.008129
0.006300
0.009176
0.007159
0.006785
0.006409
0.004065
0.005178
0.005107
0.007718
0.011854
0.007994
0.007418
0.008753
0.008936
0.009163
0.009067
0.009282
0.009080
0.007281
0.008651
0.006417
0.010112
0.009930
0.008815
0.008178
0.008321
0.008374
0.005196
0.005829
0.006336
0.010582
0.012721
0.009415
0.008600
0.012176
0.012435
0.010159
