0.002276
0.002080
0.002131
0.002757
0.002452
0.002399
0.002646
0.002086
0.001328
0.002319
0.003117
0.001834
0.003010
0.002276
0.001701
0.002135
0.003040
0.002829
0.002720
0.001904
0.002604
0.001867
0.003132
0.002607
0.003126
0.001928
0.001850
0.002570
0.003011
0.002042
0.002953
0.001882
0.003343
0.003928
0.003419
0.002150
0.001429
0.001448
0.003624
0.002698
0.002286
0.002590
0.002398
0.002617
0.002815
0.001839
0.002953
0.002147
0.002939
0.001328
0.002168
0.001418
0.002412
0.002228
0.001652
0.002511
0.003885
0.004037
0.003598
0.002164
0.002594
0.002360
0.002903
0.002400
0.002582
0.001902
0.001553
0.001574
0.003005
0.002581
0.002436
0.003362
0.002670
0.002295
0.002422
0.001444
0.002294
0.004462
0.002580
0.001486
0.002859
0.001471
0.003023
0.001924
0.002928
0.001769
0.001865
0.003002
0.003594
0.000954
0.001613
0.001761
0.003356
0.002072
0.002698
0.002024
0.002956
0.002938
0.003316
0.001790
0.004032
0.001284
0.001999
0.003226
0.003123
0.001795
0.000361
0.003434
0.000361
0.004184
0.001769
0.001970
0.000864
0.004917
0.001360
0.002318
0.002698
0.001506
0.003449
0.000361
0.003078
0.002608
0.003438
0.002529
0.001289
0.002410
0.003252
0.001780
0.004489
0.003980
0.003270
0.002883
0.002742
0.002639
0.002547
0.001572
0.001986
0.002420
0.003829
0.002071
0.002888
0.001443
0.002347
0.003053
0.002377
0.001692
0.001909
0.001104
0.002160
0.001800
0.002572
0.003149
0.002902
0.002719
0.001803
0.002911
0.001623
0.001991
0.002602
0.000361
0.001189
0.000838
0.000361
0.002218
0.000361
0.002173
0.002536
0.002343
0.002304
0.000361
0.002052
0.003522
0.001942
0.004604
0.001329
0.000361
0.004024
0.000361
0.004121
0.004302
0.004424
0.003215
0.004470
0.003362
0.003838
0.003938
0.000361
0.003335
0.002550
0.003591
0.000963
0.001728
0.004331
0.000361
0.000361
0.000361
0.003362
0.000361
0.003254
0.004001
0.001970
0.000361
0.000361
0.000361
0.000361
0.000361
0.002122
0.003129
0.004890
0.002561
0.002701
0.004569
0.001769
0.001970
0.000361
0.000361
0.003938
0.003306
0.003861
0.002988
0.001005
0.002723
0.001057
0.002752
0.002185
0.001769
0.001970
0.002831
0.003881
0.002497
0.001970
0.000361
0.001769
0.001970
0.000361
0.000361
0.002902
0.002497
0.002497
0.001970
0.002655
0.001038
0.001289
0.002410
0.002461
0.002497
0.001385
0.003402
0.001722
0.003096
0.003839
0.001363
0.002334
0.001915
0.001761
0.001286
0.002383
0.001763
0.003193
0.002121
0.001385
0.001695
0.000853
0.001758
0.002013
0.001333
0.002651
0.002772
0.001591
0.001429
0.002673
0.001855
0.001305
0.001689
0.001005
0.001650
0.000361
0.000361
0.000361
0.001327
0.001717
0.001614
0.001938
0.005132
0.003041
0.002208
0.002939
0.002425
0.001619
0.002799
0.001495
0.002234
0.001368
0.000845
0.001104
0.002193
0.000361
0.002424
0.000361
0.001691
0.001061
0.001604
0.002583
0.003091
0.001812
0.002003
0.003287
0.003147
0.002291
0.003309
0.002926
0.002627
0.002792
0.003003
0.003564
0.001860
0.002506
0.001954
0.003687
0.002811
0.001777
0.002860
0.000361
0.000361
0.002649
0.001327
0.002745
0.002828
0.000361
0.002879
0.002435
0.003630
0.003537
0.002218
0.002030
0.001745
0.002254
0.003362
0.001737
0.002085
0.001727
0.002552
0.003577
0.002154
0.004179
0.000996
0.002109
0.003117
0.002134
0.002255
0.001440
0.002123
0.002820
0.002707
0.002313
0.002996
0.000361
0.003395
0.003019
0.002991
0.002395
0.001617
0.001624
0.003001
0.001028
0.002170
0.003036
0.002169
0.001467
0.002573
0.002677
0.001917
0.001453
0.001472
0.002271
0.001387
0.002970
0.003552
0.002713
0.001670
0.002887
0.002329
0.002522
0.002197
0.002233
0.002189
0.002116
0.001268
0.001742
0.001289
0.002410
0.001133
0.002572
0.001789
0.002005
0.003036
0.001834
0.002219
0.001726
0.003314
0.001961
0.001844
0.001527
0.001503
0.001162
0.002184
0.002588
0.002368
0.002835
0.002790
0.000909
0.003225
0.002158
0.001906
0.001508
0.002114
0.003689
0.002666
0.001573
0.002406
0.001599
0.001363
0.002008
0.000886
0.001602
0.001485
0.001499
0.002570
0.001945
0.002131
0.002256
0.002376
0.002545
0.003264
0.003042
0.002214
0.002967
0.002453
0.002323
0.002631
0.002598
0.002248
0.001749
