0.012025
0.009374
0.009095
0.009874
0.015236
0.008918
0.008808
0.007410
0.011087
0.007640
0.009610
0.010180
0.013782
0.007712
0.011749
0.012749
0.007620
0.009098
0.008138
0.007646
0.009182
0.013245
0.015814
0.011586
0.013441
0.011002
0.010860
0.013413
0.007338
0.010703
0.012775
0.006405
0.011323
0.005090
0.007743
0.006528
0.008348
0.011871
0.014440
0.008103
0.006770
0.012990
0.011903
0.015821
0.014953
0.008119
0.007459
0.011212
0.010353
0.010462
0.005196
0.009597
0.014444
0.013534
0.010439
0.012935
0.011887
0.011127
0.013049
0.012319
0.009722
0.014653
0.008506
0.007348
0.006767
0.011351
0.010957
0.012062
0.008398
0.010665
0.010813
0.010611
0.013516
0.012173
0.008740
0.011756
0.009638
0.015432
0.008163
0.010152
0.012319
0.007879
0.013115
0.017145
0.016354
0.006193
0.013031
0.009716
0.011401
0.011702
0.013749
0.010792
0.013652
