0.004368
0.005321
0.006346
0.008449
0.006330
0.007105
0.008454
0.009141
0.005860
0.006149
0.006685
0.007098
0.010981
0.009351
0.007950
0.005092
0.007662
0.007556
0.010146
0.008037
0.007891
0.003873
0.009941
0.006206
0.004601
0.008581
0.007189
0.006603
0.005691
0.010862
0.006025
0.008099
0.008320
0.009682
0.004551
0.005479
0.006092
0.007083
0.007235
0.010053
0.007713
0.010252
0.004023
0.004572
0.001176
0.011901
0.008349
0.006652
0.010414
0.008002
0.009257
0.009957
0.007226
0.008833
0.007129
0.007945
0.006462
0.005348
0.011556
0.011760
0.007748
0.005187
0.009023
0.001176
0.009507
0.007292
0.010768
0.007046
0.009881
0.008659
0.008637
0.008718
0.011483
0.008594
0.007141
0.007194
0.008319
0.008927
0.010045
0.006713
0.010204
0.007239
0.007692
0.007107
0.007831
0.008373
0.008957
0.008108
0.006042
0.004790
0.006796
0.006863
0.004547
0.008843
0.008494
0.006972
0.006083
0.008010
0.009485
0.001176
0.008187
0.007489
0.010507
0.008172
0.008260
0.004907
0.009446
0.008326
0.006669
0.010070
0.009249
0.007412
0.006975
0.005853
0.005206
0.007898
0.001176
0.010283
0.006333
0.005570
0.009447
0.010836
0.009945
0.008157
0.006108
0.006130
0.008599
0.007572
0.011089
0.008074
0.009727
