0.006464
0.008722
0.008127
0.009999
0.007542
0.010851
0.010205
0.007729
0.007963
0.010079
0.006226
0.006708
0.010732
0.007679
0.010750
0.011703
0.010976
0.009965
0.001073
0.010927
0.001073
0.010158
0.001073
0.006773
0.010160
0.005547
0.006553
0.005684
0.005427
0.006704
0.007403
0.008435
0.008404
0.008268
0.007898
0.006912
0.007209
0.006553
0.005094
0.009806
0.009851
0.008526
0.007563
0.006792
0.006499
0.006989
0.007364
0.006486
0.007585
0.006771
0.007386
0.006735
0.007129
0.007217
0.005754
0.006656
0.004851
0.009286
0.009407
0.009497
0.005339
0.007878
0.009095
0.005917
0.007475
0.005049
0.006274
0.004724
0.007227
0.006427
0.008558
0.010993
0.008083
0.006539
0.004087
0.005899
0.001073
0.006246
0.001073
0.005575
0.005951
0.001073
0.006082
0.001073
0.005597
0.005239
0.004274
0.004898
0.004165
0.004588
0.006463
0.005604
0.005512
0.010974
0.006871
0.010346
0.006907
0.005013
0.004762
0.006346
0.007580
0.006048
0.003877
0.003876
0.007936
0.007438
0.004204
0.004986
0.005154
0.005858
0.006864
0.006481
0.006148
0.004300
0.008829
0.004929
0.014511
0.009656
0.005442
0.005273
0.007017
0.006501
0.005603
0.005546
0.001073
0.005497
0.001073
0.004695
0.006204
0.001073
0.011352
0.006630
0.009900
0.008091
0.004937
0.001073
0.005428
0.001073
0.005638
0.005019
0.005353
0.005850
0.007532
0.005701
0.007706
0.009844
0.009145
0.008955
0.007488
0.006450
