0.009122
0.009529
0.008501
0.009805
0.010007
0.009391
0.009805
0.006366
0.007988
0.008446
0.009914
0.009174
0.008312
0.007485
0.009955
0.007233
0.008190
0.011016
0.008060
0.006185
0.009082
0.008794
0.008254
0.008341
0.007137
0.008270
0.007905
0.010126
0.011180
0.009154
0.008396
0.008419
0.011732
0.009204
0.010636
0.008054
0.007472
0.008167
0.007788
0.008062
0.009221
0.011873
0.009675
0.004668
0.008403
0.008460
0.007254
0.004235
0.008296
0.012148
0.007477
0.008212
0.009295
0.009148
0.011862
0.009568
0.008202
0.008461
0.009778
0.010061
0.009959
0.009045
0.009835
0.008325
0.007097
0.007127
0.009328
0.010945
0.006761
0.006948
0.008964
0.006772
0.008642
0.008164
0.007813
0.010864
0.007662
0.007686
0.010288
0.009625
0.006123
0.007428
0.005609
0.009626
0.008898
0.009595
0.008810
0.006153
0.008824
0.008053
0.009270
0.006950
0.008475
0.007927
0.007120
0.008895
0.009197
0.009848
0.011923
0.007485
0.008934
0.007815
0.006631
0.005078
0.007091
0.010952
0.008959
0.008243
0.007509
0.007575
0.009035
0.009744
0.011662
0.008589
0.008556
0.008618
