0.002687
0.004384
0.002730
0.002541
0.003198
0.004261
0.002738
0.002659
0.001506
0.003011
0.002091
0.002685
0.002334
0.002476
0.002063
0.002908
0.002755
0.002396
0.001459
0.003570
0.003173
0.002269
0.002686
0.002696
0.002665
0.002814
0.003123
0.002233
0.003344
0.003742
0.002625
0.002512
0.001987
0.003737
0.003208
0.003480
0.003182
0.003134
0.002317
0.002682
0.002111
0.002130
0.003155
0.001870
0.001990
0.002338
0.001858
0.002365
0.002786
0.002753
0.002333
0.001963
0.002333
0.001633
0.002054
0.002856
0.001999
0.002653
0.003745
0.002121
0.002909
0.003214
0.003222
0.003108
0.003157
0.001607
0.001598
0.001327
0.002587
0.002399
0.001533
0.001252
0.001762
0.002229
0.002017
0.002019
0.001532
0.001376
0.001221
0.001332
0.001422
0.003233
0.002059
0.002358
0.002954
0.002949
0.001453
0.001698
0.002133
0.002854
0.002889
0.001907
0.001193
0.002238
0.002049
0.001783
0.002066
0.002723
0.001846
0.002345
0.001841
0.001465
0.002654
0.001555
0.001486
0.001427
0.001924
0.000910
0.001840
0.002610
0.002471
0.002310
0.002623
0.002686
0.004427
0.001518
0.002702
0.003835
0.002150
0.002700
0.001880
0.003130
0.002993
0.002008
0.002170
0.002461
0.001081
0.001795
0.001657
0.001860
0.003085
0.001070
0.002349
0.002210
0.001778
0.000383
0.002683
0.002009
0.001580
0.001322
0.002811
0.001732
0.002713
0.003146
0.002102
0.002038
0.002157
0.001749
0.002073
0.003533
0.003833
0.002396
0.003546
0.001732
0.001808
0.001699
0.003258
0.003166
0.003207
0.002722
0.002675
0.003379
0.002025
0.003523
0.002659
0.001630
0.002645
0.001693
0.002712
0.004155
0.004302
0.003629
0.004222
0.002175
0.002995
0.003713
0.002409
0.003855
0.003428
0.002499
0.002676
0.001744
0.002696
0.003003
0.003518
0.002973
0.002843
0.004092
0.003426
0.001329
0.002770
0.002088
0.002650
0.003486
0.003116
0.003125
0.003602
0.002322
0.003459
0.003631
0.002462
0.003210
0.002606
0.002675
0.001438
0.002925
0.003712
0.003480
0.003664
0.001735
0.004288
0.002078
0.002379
0.002675
0.001942
0.003584
0.003874
0.002765
0.002989
0.002691
0.002995
0.002963
0.002453
0.002880
0.002878
0.003425
0.002341
0.001716
0.002039
0.003255
0.004437
0.002597
0.002872
0.001803
0.002237
0.002101
0.004032
0.001971
0.001405
0.001807
0.003753
0.002399
0.003547
0.003195
0.002439
0.003542
0.002814
0.002167
0.004442
0.002324
0.004056
0.001419
0.002952
0.003104
0.002696
0.003778
0.003152
0.002719
0.003109
0.003221
0.002887
0.003587
0.002970
0.003871
0.003488
0.002596
0.001409
0.002745
0.002498
0.002384
0.002213
0.004022
0.002811
0.002977
0.002188
0.003287
0.002811
0.002476
0.002536
0.003181
0.003419
0.002530
0.002410
0.002927
0.001921
0.002202
0.002344
0.002438
0.001521
0.002106
0.003153
0.003019
0.001099
0.002424
0.002899
0.003437
0.003065
0.003235
0.001954
0.002485
0.003157
0.002911
0.002811
0.002457
0.002616
0.001597
0.002760
0.002733
0.001806
0.003045
0.002728
0.001044
0.001913
0.002859
0.001747
0.001053
0.002234
0.002939
0.002982
0.001429
0.001399
0.001787
0.002482
0.002045
0.001761
0.001813
0.001969
0.001662
0.002018
0.002110
0.002357
0.001757
0.001604
0.002440
0.001273
0.002204
0.002446
0.003041
0.003630
0.001498
0.002256
0.002810
0.002663
0.002293
0.002086
0.002063
0.002584
0.003049
0.002654
0.001932
0.001267
0.000867
0.001439
0.001992
0.001893
0.002356
0.002375
0.002309
0.002887
0.004389
0.002546
0.003255
0.001989
0.002515
0.001440
0.001990
0.001620
0.001603
0.003471
0.002480
0.002396
0.001868
0.001776
0.003765
0.003350
0.002236
0.002345
0.003502
0.002369
0.002231
0.002283
0.003419
0.002320
0.003782
0.003715
0.002172
0.002271
0.002631
0.002585
0.002417
0.003852
0.004566
0.003635
