0.004611
0.003196
0.004327
0.002861
0.004790
0.003621
0.005017
0.005013
0.002477
0.003883
0.004253
0.004812
0.003649
0.004642
0.003011
0.003167
0.002537
0.003564
0.005292
0.002786
0.003534
0.003712
0.003629
0.003900
0.001885
0.003877
0.003410
0.003426
0.003313
0.002732
0.002050
0.003233
0.003656
0.002242
0.003668
0.004942
0.004102
0.002611
0.003772
0.005313
0.004582
0.003798
0.004338
0.003127
0.003182
0.003942
0.003534
0.005056
0.004513
0.004212
0.002671
0.004713
0.003757
0.002129
0.004799
0.006169
0.004627
0.004069
0.003310
0.004716
0.005548
0.003968
0.002831
0.004631
0.004710
0.003110
0.004361
0.001769
0.002197
0.003484
0.002348
0.004151
0.003231
0.003102
0.003795
0.002196
0.004361
0.003231
0.002657
0.003955
0.003534
0.003633
0.002685
0.003559
0.003302
0.003118
0.003003
0.002930
0.002517
0.004124
0.003419
0.002644
0.001568
0.003268
0.002876
0.002758
0.003827
0.003608
0.003099
0.003588
0.002628
0.003246
0.003557
0.003884
0.003774
0.002657
0.002759
0.003144
0.003114
0.003235
0.002724
0.003786
0.003680
0.003088
0.004267
0.002683
0.006032
0.003151
0.004675
0.004185
0.002530
0.002810
0.004805
0.003346
0.002219
0.003389
0.004820
0.003042
0.003170
0.002471
0.003274
0.005342
0.004626
0.004072
0.003263
0.004124
0.003442
0.004129
0.003543
0.005139
0.002955
0.004164
0.002484
0.003246
0.003999
0.003739
0.003813
0.004408
0.003846
0.003780
0.002974
0.003397
0.003385
0.004333
0.004314
0.003749
0.004094
0.003192
0.003588
0.003902
0.004096
0.003190
0.003913
0.003175
0.003534
0.003704
0.002650
0.004036
0.003306
0.004482
0.003631
0.002647
0.004573
0.003306
0.003238
0.003944
0.004013
0.003954
0.003611
0.003426
0.004150
0.003927
0.003544
0.003753
0.005266
0.003386
0.003065
0.004473
0.003308
0.003330
0.004371
0.003288
0.003463
0.003620
0.002931
0.002910
0.001906
0.003672
0.001405
0.003003
0.004260
0.003744
0.001421
0.004060
0.003386
0.004697
0.004068
0.003721
0.004440
0.002619
0.001464
0.001693
0.003095
0.003310
0.004271
0.003575
0.003243
0.003587
0.004544
0.003599
0.003044
0.004681
0.004414
0.004806
0.001773
0.002629
0.003705
0.003233
0.003411
0.002512
0.003231
0.003779
0.002679
0.002178
0.002637
0.001961
0.004111
0.003397
0.003867
0.002553
0.002379
0.003325
0.002686
0.003481
0.003899
0.002771
0.004426
0.003572
0.002879
0.003298
0.004547
0.004262
0.003315
0.002962
0.002758
0.003023
0.002721
0.003171
0.003320
0.003022
0.002838
0.004178
0.002690
0.002903
0.003342
0.002743
0.002384
0.003394
0.003283
0.004789
0.002964
0.004208
0.004256
0.003305
0.003730
0.002853
0.002978
0.005531
0.004415
0.004278
0.002598
0.003325
0.004954
