0.003374
0.002482
0.001980
0.004853
0.003319
0.002715
0.003171
0.002245
0.002896
0.003134
0.002678
0.002572
0.003728
0.003323
0.001455
0.001835
0.002483
0.002690
0.004897
0.001984
0.002535
0.002476
0.002651
0.002042
0.001317
0.000406
0.001812
0.003301
0.004105
0.002820
0.003122
0.002865
0.002086
0.003172
0.003840
0.003045
0.003193
0.003340
0.003342
0.003125
0.002986
0.002772
0.003132
0.002980
0.001884
0.002591
0.002223
0.002948
0.004366
0.001602
0.002086
0.001568
0.003805
0.002472
0.002273
0.001933
0.001759
0.003595
0.003014
0.003004
0.002705
0.003445
0.003049
0.003538
0.002995
0.002666
0.002003
0.002488
0.001243
0.002224
0.002146
0.002488
0.002115
0.002811
0.002570
0.001981
0.002499
0.003362
0.002647
0.002767
0.003246
0.003443
0.002402
0.003199
0.003430
0.002508
0.002365
0.003747
0.002918
0.002522
0.003163
0.003639
0.002515
0.003734
0.002966
0.003044
0.002607
0.003010
0.002780
0.003424
0.002983
0.002665
0.002698
0.001898
0.002257
0.002439
0.003624
0.002999
0.002958
0.002505
0.002568
0.002135
0.002583
0.003801
0.002421
0.001946
0.002137
0.002505
0.003244
0.003511
0.002929
0.002976
0.002570
0.001898
0.001862
0.002577
0.002481
0.002195
0.002182
0.003247
0.002545
0.003008
0.002012
0.002334
0.002887
0.001985
0.002990
0.003023
0.002951
0.002798
0.001977
0.001946
0.002376
0.002046
0.002379
0.002912
0.001909
0.002208
0.002888
0.003748
0.003217
0.003506
0.001892
0.003428
0.002589
0.002665
0.001973
0.002885
0.003029
0.003261
0.002160
0.002028
0.001162
0.001873
0.002520
0.002990
0.003227
0.001724
0.003088
0.002775
0.003199
0.003441
0.003101
0.002952
0.001767
0.003215
0.003171
0.001829
0.002095
0.002813
0.002091
0.002408
0.003606
0.002161
0.002628
0.003981
0.002755
0.001354
0.001972
0.002440
0.003689
0.002182
0.002838
0.002138
0.002182
0.003279
0.004276
0.003640
0.003096
0.002373
0.002870
0.003308
0.002374
0.002496
0.002807
0.003012
0.003450
0.003199
0.003446
0.002384
0.002399
0.002671
0.001731
0.002659
0.001669
0.002232
0.002632
0.003326
0.003798
0.002817
0.004210
0.001877
0.003787
0.003592
0.002608
0.003557
0.002084
0.002804
0.002168
0.001940
0.002561
0.003541
0.003001
0.002233
0.001289
0.001875
0.003359
0.001817
0.001653
0.001008
0.002369
0.004244
0.002910
0.002372
0.002911
0.002693
0.002396
0.002106
0.002398
0.002321
0.003176
0.002456
0.002966
0.002834
0.002971
0.001788
0.003213
0.001563
0.002472
0.003823
0.002478
0.002532
0.002842
0.003381
0.002597
0.002735
0.002790
0.003125
0.002400
0.001977
0.003325
0.003113
0.003216
0.002857
0.002705
0.002417
0.002621
0.003503
0.003479
0.002485
0.001908
0.002972
0.001846
0.003177
0.003350
0.002427
0.001984
0.002637
0.002081
0.002805
0.003212
0.003482
0.002540
0.003102
0.002304
0.003276
0.002801
0.003797
0.003927
0.002040
0.001931
0.002858
0.002787
0.002942
0.003334
0.003170
0.001703
0.001697
0.003353
0.001526
0.002559
0.002131
0.000406
0.002090
0.001818
0.002627
0.000406
0.003233
0.002638
0.002347
0.002915
0.001764
0.002764
0.003561
0.003577
0.003502
0.002605
0.003174
0.002890
0.002195
0.002123
0.003898
0.002617
0.001603
0.000406
0.002584
0.001892
0.002102
0.003002
0.002983
0.002358
0.001702
0.003082
0.002362
0.003011
0.002528
0.001924
0.002453
0.003035
0.002471
0.002642
0.003016
0.002326
0.001872
0.002931
0.002901
0.003293
0.002602
0.001733
0.002123
0.002405
0.003138
0.002630
0.002958
0.003343
0.002900
0.002664
0.002519
0.003500
0.000406
0.001795
0.002513
0.002835
0.003664
