0.003154
0.003370
0.003530
0.003252
0.003931
0.004066
0.004728
0.003634
0.003628
0.003594
0.002740
0.003192
0.003632
0.002529
0.004193
0.004197
0.005325
0.003509
0.002609
0.003066
0.002269
0.003228
0.003337
0.002687
0.004086
0.002616
0.004670
0.001123
0.003705
0.003022
0.003076
0.004090
0.005017
0.001946
0.002344
0.003183
0.003494
0.003169
0.003627
0.001933
0.002833
0.001736
0.002519
0.002683
0.002447
0.003106
0.002315
0.001340
0.004723
0.002674
0.003603
0.003628
0.002510
0.002310
0.003411
0.002570
0.001944
0.002586
0.004038
0.002418
0.001607
0.002623
0.004607
0.002776
0.002399
0.002885
0.002120
0.003699
0.002875
0.003118
0.002452
0.003381
0.002251
0.004097
0.001297
0.002695
0.002252
0.003018
0.001612
0.004639
0.004146
0.003813
0.002600
0.002679
0.001923
0.003742
0.001897
0.002983
0.003632
0.003277
0.003042
0.003837
0.002762
0.002517
0.003296
0.004109
0.001699
0.002588
0.002401
0.004328
0.001835
0.002513
0.002218
0.002691
0.002204
0.002853
0.003474
0.001486
0.001707
0.002535
0.002296
0.004568
0.002458
0.003159
0.002772
0.002771
0.003294
0.002391
0.002863
0.002588
0.003025
0.003098
0.002464
0.002912
0.002681
0.003285
0.003319
0.001889
0.003094
0.002689
0.002697
0.003553
0.001917
0.003192
0.002977
0.003317
0.002407
0.003286
0.003465
0.002588
0.003024
0.003474
0.002798
0.003206
0.002662
0.002748
0.002673
0.002355
0.002293
0.002442
0.002319
0.003385
0.002401
0.003907
0.003789
0.002356
0.002363
0.002544
0.004535
0.002524
0.002770
0.003327
0.001764
0.002727
0.003729
0.004009
0.004052
0.002283
0.003362
0.002434
0.002172
0.002466
0.001798
0.001875
0.003061
0.002460
0.004842
0.003114
0.002506
0.002832
0.002518
0.002851
0.002895
0.003499
0.003583
0.003492
0.002147
0.003288
0.003038
0.003469
0.002588
0.003196
0.003515
0.002818
0.003139
0.002350
0.003807
0.003534
0.003707
0.002945
0.003608
0.001460
0.002527
0.002785
0.004615
0.002737
0.003544
0.003256
0.002346
0.002622
0.002428
0.001421
0.002135
0.003006
0.002034
0.002343
0.002014
0.002409
0.001891
0.002203
0.003966
0.003302
0.002571
0.002142
0.003004
0.002771
0.002524
0.001939
0.004362
0.002567
0.004102
0.004626
0.003079
0.003189
0.002802
0.002337
0.003837
0.002701
0.001721
0.005227
0.003098
0.001929
0.004192
0.003721
0.002539
0.002168
0.004404
0.002524
0.002782
0.002777
0.004685
0.002784
0.003654
0.004068
0.003100
0.002661
0.003550
0.002654
0.002333
0.002922
0.002415
0.003639
0.003620
0.003496
0.003827
0.002741
0.003155
0.003514
0.002463
0.003766
0.003636
0.002497
0.003336
0.003112
0.001619
0.002810
0.003518
0.002848
0.003412
0.002971
0.003866
0.001988
0.002755
0.003404
0.003040
0.003301
0.005015
0.003108
0.003859
0.002574
0.002491
0.003326
0.003360
0.002330
0.004953
0.003474
0.002546
0.004180
0.004684
0.003316
0.002198
0.003101
0.002877
0.001918
0.003064
0.002642
0.003140
0.001202
0.004168
0.004819
0.004424
0.003704
0.004243
0.002419
0.003331
0.003282
0.003009
0.004038
0.004905
0.003532
0.004420
0.002533
0.002115
0.001930
0.002006
0.002632
0.003417
0.003664
0.004322
0.004428
