0.011546
0.013562
0.014362
0.008876
0.009835
0.011456
0.007235
0.008039
0.005941
0.008244
0.010051
0.006483
0.008937
0.007305
0.008397
0.012360
0.009968
0.011673
0.008458
0.010575
0.009753
0.011624
0.009078
0.010028
0.008683
0.009572
0.010380
0.008965
0.007054
0.007734
0.010845
0.008032
0.007305
0.009758
0.009014
0.006726
0.007281
0.006106
0.008386
0.010928
0.007262
0.010513
0.010885
0.012270
0.013268
0.007539
0.007620
0.009225
0.009174
0.006748
0.006109
0.010049
0.008589
0.007544
0.010212
0.009014
0.010757
0.011056
0.008846
0.007567
0.007359
0.009414
0.008780
0.009740
0.010846
0.006326
0.008017
0.009595
0.009214
0.006783
0.006673
0.010144
0.009464
0.011042
0.013556
0.007244
0.008118
0.006295
0.007393
0.008333
0.011040
0.005209
0.005969
0.009684
0.006947
0.009751
0.010870
0.011924
0.007191
0.007336
0.010628
0.010056
0.012188
0.008887
0.012471
0.009729
0.009097
0.012048
0.007402
0.009514
0.009766
0.009106
0.010902
0.008241
0.007223
0.010727
0.007316
0.009455
0.010186
