0.009342
0.007576
0.009573
0.007715
0.014430
0.008618
0.010641
0.006271
0.006450
0.009780
0.012140
0.008558
0.007876
0.003957
0.008957
0.005645
0.007071
0.010425
0.007258
0.010791
0.008350
0.012818
0.007664
0.013934
0.007936
0.008641
0.010971
0.012903
0.013524
0.013222
0.010956
0.006593
0.007396
0.007629
0.009826
0.004322
0.008285
0.013574
0.009255
0.004026
0.008215
0.010639
0.010941
0.009415
0.010412
0.005334
0.006552
0.008365
0.012745
0.010562
0.010368
0.012861
0.006897
0.008998
0.006068
0.005994
0.005164
0.008517
0.009899
0.007142
0.009208
0.009066
0.006153
0.012817
0.007149
0.008772
0.007100
0.008415
0.006255
0.005591
0.006711
0.008077
0.004946
0.008318
0.009788
0.008300
0.010315
0.005347
0.004516
0.008119
0.005028
0.009929
0.012547
0.005801
0.009842
0.009978
0.007747
0.004887
0.009066
0.015832
0.014757
0.011998
0.008331
0.013644
0.012482
0.012520
0.001360
0.012167
0.001360
0.009972
0.007927
0.006415
0.006178
0.011252
0.009041
0.011212
0.009185
0.015774
0.010308
0.010656
0.010862
0.006989
