0.003551
0.002284
0.003581
0.005556
0.004392
0.005006
0.004774
0.002949
0.004350
0.003597
0.003882
0.003940
0.004710
0.003932
0.003420
0.005093
0.004159
0.004091
0.003450
0.003640
0.002074
0.003439
0.004069
0.003679
0.003237
0.003526
0.003841
0.003228
0.002345
0.003652
0.003514
0.003382
0.003361
0.004142
0.003281
0.002668
0.002405
0.003601
0.003670
0.001774
0.002495
0.002692
0.001723
0.003305
0.004464
0.003843
0.005624
0.002927
0.003956
0.003694
0.003244
0.002931
0.003271
0.003156
0.002828
0.003066
0.004113
0.002454
0.003316
0.003224
0.004851
0.003065
0.003647
0.004394
0.004097
0.003946
0.005229
0.004502
0.004705
0.003632
0.004681
0.002546
0.003094
0.003737
0.003829
0.003775
0.002860
0.004493
0.003419
0.003389
0.003570
0.003710
0.002720
0.002966
0.002621
0.003589
0.004667
0.002376
0.003496
0.003260
0.003342
0.003791
0.002348
0.002544
0.003754
0.003130
0.002813
0.004506
0.003016
0.003587
0.004229
0.004234
0.003554
0.003330
0.003974
0.004723
0.004633
0.005376
0.004139
0.002865
0.003188
0.004450
0.004118
0.003440
0.004328
0.002934
0.003776
0.005309
0.004031
0.003432
0.005157
0.004699
0.004204
0.004112
0.004164
0.004374
0.004227
0.004100
0.004302
0.004211
0.005329
0.004612
0.004168
0.004296
0.004879
0.003289
0.002658
0.002885
0.004529
0.004263
0.003243
0.004877
0.003604
0.003407
0.004041
0.003952
0.004516
0.003371
0.002273
0.002303
0.003419
0.003389
0.003570
0.004312
0.003045
0.003613
0.003293
0.002303
0.004072
0.005410
0.004554
0.004849
0.002360
0.004519
0.004261
0.001811
0.004103
0.003419
0.003389
0.003570
0.003000
0.001695
0.000551
0.001566
0.003789
0.003858
0.003671
0.003161
0.006148
0.002969
0.003555
0.004190
0.004429
0.003442
0.003152
0.004471
0.002742
0.003887
0.003594
0.003419
0.003389
0.003570
0.004013
0.004811
0.004475
0.004561
0.003739
0.003756
0.003741
0.004115
0.002947
0.004894
0.003419
0.003389
0.003570
0.005519
0.003003
0.005146
0.003036
0.004129
0.000551
0.003626
0.000551
0.003653
0.003691
0.003670
0.004427
0.005682
0.006081
0.003936
0.003721
0.003419
0.003389
0.003570
0.003800
0.004259
0.004190
0.003950
0.003882
0.003847
0.003419
0.003389
0.003570
0.003482
0.003817
0.004173
0.003538
0.003281
0.002536
0.003177
0.003364
0.003429
0.003679
0.002528
0.002811
0.002867
0.002920
0.004596
0.004364
0.003657
0.003287
0.002939
0.003102
0.002270
0.003350
0.002579
0.003414
0.003964
0.003988
0.002632
0.005079
0.003782
0.003598
0.005508
0.004118
0.003495
0.004067
0.003049
0.002017
0.002499
0.001748
0.003419
0.003389
0.003570
0.001497
