0.010464
0.009573
0.011186
0.009358
0.009368
0.007586
0.009964
0.012870
0.009993
0.008592
0.011182
0.008735
0.012844
0.013781
0.010715
0.010159
0.010236
0.007555
0.007843
0.007393
0.009539
0.008378
0.011737
0.011097
0.009135
0.009217
0.009941
0.009008
0.008952
0.008679
0.009761
0.008783
0.011425
0.007820
0.011478
0.011866
0.009308
0.009647
0.011949
0.007220
0.007542
0.010716
0.007447
0.007325
0.008956
0.009201
0.007369
0.006704
0.004242
0.007101
0.007477
0.007881
0.007958
0.007338
0.006501
0.010227
0.012904
0.013127
0.010210
0.009223
0.009688
0.011443
0.010646
0.009633
0.008909
0.009655
0.011778
0.009277
0.011378
0.007584
0.011111
0.011385
0.010155
0.009316
0.009171
0.008861
0.009508
0.010268
0.007691
0.011802
0.010150
0.009627
0.010402
0.010573
0.010576
0.010795
0.009449
0.004292
0.013141
0.011693
0.009914
0.008916
0.009882
0.007528
0.009190
0.010536
0.010613
0.013160
0.010689
0.011986
0.012209
0.011433
0.010199
