0.013535
0.015551
0.012728
0.020924
0.018208
0.019462
0.017007
0.015641
0.012923
0.016379
0.010792
0.018564
0.017261
0.019241
0.015039
0.014169
0.016664
0.008289
0.018437
0.018962
0.014323
0.019500
0.002338
0.020432
0.016072
0.014573
0.013704
0.013651
0.017115
0.012028
0.014952
0.019988
0.017187
0.012194
0.014692
0.015675
0.019985
0.018683
0.019085
0.017004
0.017539
0.018288
0.010117
0.012017
0.016606
0.014890
0.015464
0.016077
0.012533
0.012380
0.015017
0.020027
0.015199
0.019033
0.010200
0.014981
0.013469
0.008651
0.009112
0.021048
0.012993
0.012475
0.012557
0.019998
0.016378
