0.011118
0.010351
0.006458
0.009088
0.010989
0.011704
0.012417
0.009303
0.009999
0.012088
0.012320
0.009579
0.011336
0.011618
0.010988
0.016531
0.011752
0.008126
0.013525
0.008773
0.011463
0.010485
0.006900
0.012285
0.008740
0.007600
0.009452
0.011540
0.010534
0.007311
0.005463
0.007325
0.017256
0.012409
0.016163
0.017260
0.007429
0.010474
0.010552
0.007239
0.007467
0.010257
0.009226
0.008926
0.015083
0.009201
0.006960
0.009463
0.006223
0.015643
0.012789
0.014528
0.015426
0.010884
0.013872
0.010770
0.007484
0.010157
0.008013
0.006560
0.012513
0.011149
0.014039
0.011790
0.009922
0.012065
0.009526
0.010847
0.012323
0.015083
0.011686
0.005518
0.011451
0.012856
0.007423
0.014710
0.010735
0.011531
0.011598
0.013471
0.011192
0.015423
0.010841
0.010714
0.007715
0.006681
0.012719
0.011739
0.013133
0.009921
0.011844
0.012970
