0.014124
0.020895
0.018324
0.018914
0.022009
0.022778
0.015272
0.014771
0.011301
0.017271
0.021451
0.011621
0.015487
0.018418
0.013740
0.023101
0.016686
0.021188
0.019350
0.019301
0.015000
0.015203
0.021198
0.020223
0.015522
0.017312
0.002671
0.016286
0.018704
0.019908
0.014110
0.017343
0.019021
0.022328
0.016555
0.019768
0.013380
0.014871
0.020102
0.024293
0.012866
0.017579
0.019334
0.016926
0.016640
0.020424
0.018883
0.016330
0.017283
0.014572
0.019277
0.021822
0.020552
0.016335
0.018977
0.018943
0.013453
