0.006706
0.008149
0.005511
0.009268
0.011989
0.009514
0.007253
0.006830
0.009391
0.005291
0.008492
0.010090
0.012425
0.009396
0.006654
0.006364
0.011010
0.010700
0.010325
0.007258
0.005222
0.007628
0.007715
0.007399
0.007482
0.008228
0.008067
0.007469
0.003809
0.008465
0.007903
0.008493
0.007592
0.008636
0.004437
0.007476
0.009252
0.008091
0.006625
0.008231
0.009885
0.005675
0.005219
0.007791
0.009349
0.010664
0.008279
0.004828
0.004687
0.009614
0.008866
0.007050
0.009065
0.006008
0.006847
0.010525
0.009912
0.009255
0.009186
0.001135
0.007681
0.007945
0.008116
0.007927
0.007703
0.011845
0.011361
0.008532
0.012636
0.011413
0.007855
0.011695
0.009072
0.006878
0.012526
0.007240
0.010924
0.006319
0.012032
0.005623
0.010393
0.010540
0.006866
0.008579
0.008061
0.013014
0.009153
0.007542
0.003711
0.003799
0.003799
0.003514
0.003645
0.001135
0.003619
0.004206
0.001135
0.003714
0.004438
0.001135
0.003626
0.004438
0.003893
0.003964
0.001135
0.003751
0.004208
0.003554
0.004117
0.001135
0.003673
0.004117
0.004117
0.004117
0.003470
0.003462
0.001135
0.003397
0.003419
0.001135
0.011663
0.009946
0.008848
0.008981
0.006780
0.007498
0.009605
0.006252
0.003541
0.006182
0.009135
0.007094
0.006895
0.006753
0.009949
0.008686
0.011000
0.013475
0.009858
