0.002005
0.001924
0.002657
0.001867
0.002730
0.001693
0.001602
0.001707
0.000947
0.001050
0.001277
0.002160
0.001476
0.001770
0.002339
0.002106
0.002847
0.003502
0.001780
0.002301
0.001497
0.002201
0.001910
0.000312
0.002875
0.002298
0.001060
0.004010
0.002688
0.002536
0.003403
0.002225
0.002103
0.001740
0.001959
0.001374
0.001858
0.001729
0.001435
0.001864
0.002163
0.002243
0.001016
0.000833
0.001392
0.002138
0.001952
0.001281
0.001322
0.001734
0.002139
0.002081
0.002114
0.002691
0.002867
0.001502
0.002081
0.002986
0.001573
0.002619
0.002340
0.002799
0.002270
0.002698
0.002778
0.001878
0.002802
0.001713
0.001185
0.001648
0.001827
0.002872
0.002471
0.001527
0.001514
0.002064
0.001441
0.001225
0.001318
0.001552
0.001911
0.001883
0.001263
0.002899
0.002268
0.000312
0.002720
0.001831
0.001942
0.000757
0.002797
0.001925
0.002796
0.001421
0.002061
0.001734
0.001413
0.002718
0.001909
0.001343
0.002017
0.003790
0.003389
0.002668
0.001516
0.002234
0.001893
0.002877
0.002969
0.001667
0.001736
0.001138
0.001441
0.001760
0.001261
0.001667
0.001386
0.002363
0.001574
0.002160
0.001676
0.001595
0.002062
0.001472
0.001646
0.002757
0.002300
0.002200
0.001304
0.002039
0.000312
0.001801
0.002836
0.001124
0.002392
0.002673
0.003317
0.002808
0.003183
0.000933
0.002780
0.000716
0.002071
0.001933
0.002639
0.001335
0.001785
0.000312
0.000312
0.000653
0.000312
0.000312
0.001706
0.001929
0.002773
0.003271
0.002175
0.000705
0.003426
0.002081
0.001524
0.001376
0.002227
0.001850
0.002205
0.002112
0.002256
0.002664
0.002489
0.001312
0.001259
0.000902
0.002510
0.001784
0.000312
0.002564
0.002792
0.001945
0.002639
0.003058
0.000793
0.002968
0.001953
0.001598
0.000646
0.002152
0.002469
0.001526
0.001418
0.002852
0.002204
0.003507
0.001973
0.002916
0.002422
0.001604
0.001302
0.001591
0.002881
0.001744
0.001580
0.002614
0.002673
0.001181
0.001374
0.002754
0.001237
0.001578
0.001087
0.002209
0.002122
0.002774
0.001861
0.003217
0.002281
0.003289
0.003544
0.002517
0.003160
0.002143
0.002989
0.001991
0.002353
0.001497
0.000832
0.002935
0.001652
0.002660
0.001840
0.002726
0.002227
0.001359
0.002657
0.002389
0.001633
0.002696
0.002340
0.002335
0.001726
0.002210
0.002011
0.002177
0.002306
0.001472
0.001276
0.002496
0.001788
0.003039
0.000312
0.000616
0.002971
0.002210
0.001081
0.003171
0.002211
0.001564
0.001364
0.002681
0.000984
0.002912
0.002274
0.002007
0.001342
0.002085
0.002403
0.002039
0.001312
0.001779
0.002530
0.002571
0.002209
0.001629
0.002482
0.001965
0.001281
0.002193
0.001719
0.001973
0.000627
0.002990
0.002679
0.003349
0.001956
0.001747
0.001410
0.001260
0.001536
0.001475
0.001379
0.001365
0.001286
0.001375
0.003096
0.002779
0.002837
0.001724
0.001187
0.002516
0.001472
0.003028
0.002257
0.001625
0.002361
0.001588
0.001939
0.000312
0.001235
0.001365
0.002824
0.002192
0.002566
0.002407
0.002418
0.002937
0.001843
0.002383
0.001472
0.003280
0.002022
0.000634
0.002177
0.003428
0.002066
0.000997
0.002471
0.002098
0.002224
0.002609
0.002400
0.002744
0.002651
0.002936
0.002495
0.003488
0.001472
0.002937
0.003064
0.002938
0.002747
0.002856
0.002608
0.003342
0.003018
0.001472
0.002873
0.002915
0.002497
0.002747
0.002716
0.002683
0.001472
0.003470
0.002572
0.003011
0.002266
0.003105
0.002680
0.002066
0.001087
0.001472
0.000654
0.003303
0.001163
0.000920
0.002287
0.000753
0.002553
0.003245
0.003912
0.000753
0.001001
0.001370
0.001829
0.001203
0.002431
0.003385
0.000920
0.001263
0.003211
0.003249
0.002573
0.003080
0.003477
0.003379
0.002537
0.003105
0.000770
0.001515
0.002644
0.001951
0.003766
0.000770
0.001263
0.002908
0.003094
0.003191
0.002423
0.003101
0.002148
0.000844
0.003251
0.001511
0.003407
0.000710
0.002712
0.003105
0.001487
0.002606
0.003832
0.001808
0.003045
0.003191
0.002423
0.002323
0.003358
0.003130
0.002881
0.002318
0.003141
0.002381
0.002238
0.002768
0.002258
0.002732
0.003175
0.001991
0.003079
0.001862
0.001952
0.001768
0.000766
0.002179
0.001929
0.001910
0.001173
0.001661
0.001328
0.001627
0.001475
0.001116
0.001376
0.002112
0.001613
0.001836
0.001651
0.001173
0.000767
0.001914
0.001276
0.002189
0.001877
0.001791
0.002433
0.002009
0.001466
0.002090
0.002408
0.001920
0.001308
0.001752
0.001456
0.001944
0.001753
0.001469
0.001719
0.001198
0.001192
0.001823
0.001864
0.001948
0.001598
0.000886
0.001372
0.001327
0.002213
0.001371
0.001882
0.002351
0.002392
0.001573
0.002024
0.002190
0.002437
0.001527
0.000867
0.000985
0.000838
0.000841
0.001339
