0.001557
0.001546
0.002642
0.001640
0.003163
0.004157
0.003936
0.002685
0.003599
0.003225
0.003128
0.002972
0.002613
0.001849
0.002161
0.001788
0.001976
0.002381
0.000398
0.003036
0.003372
0.002808
0.002945
0.002593
0.001856
0.001989
0.002988
0.002383
0.003534
0.003352
0.002139
0.003779
0.001983
0.002484
0.002617
0.002343
0.002518
0.003755
0.002726
0.003883
0.005798
0.000999
0.003846
0.003025
0.002848
0.002420
0.003156
0.002910
0.002701
0.003329
0.003711
0.002027
0.001768
0.002593
0.002080
0.002893
0.001634
0.003604
0.002864
0.004105
0.001488
0.003404
0.003194
0.002730
0.001893
0.002296
0.002433
0.001792
0.001908
0.002227
0.001574
0.002467
0.003153
0.002618
0.002369
0.002586
0.003532
0.002584
0.002903
0.002770
0.002309
0.003731
0.003098
0.002598
0.001473
0.002765
0.002993
0.001648
0.001898
0.001847
0.002509
0.005089
0.001324
0.003624
0.005560
0.002874
0.001634
0.002466
0.002860
0.001707
0.002336
0.003072
0.002220
0.005576
0.002630
0.003135
0.003563
0.003937
0.003950
0.003085
0.001804
0.003236
0.002975
0.004039
0.002378
0.003402
0.002678
0.002459
0.002306
0.003076
0.003661
0.003020
0.002155
0.003313
0.002983
0.003390
0.001215
0.002133
0.002963
0.001882
0.002438
0.002123
0.002288
0.003356
0.002749
0.003180
0.002198
0.002500
0.002697
0.002704
0.002609
0.003187
0.002792
0.002656
0.002213
0.001163
0.002211
0.002303
0.001847
0.002944
0.001829
0.001934
0.002376
0.002897
0.002303
0.002709
0.002176
0.001273
0.001316
0.003981
0.001957
0.002852
0.003089
0.001945
0.002958
0.003108
0.002939
0.002713
0.002183
0.003683
0.002332
0.004368
0.002715
0.003455
0.002840
0.003664
0.001795
0.003299
0.003422
0.001874
0.002359
0.003547
0.003488
0.000398
0.002972
0.002173
0.001551
0.001494
0.002335
0.001573
0.001218
0.001428
0.003609
0.002668
0.002501
0.003491
0.002650
0.001600
0.001945
0.004007
0.003782
0.003800
0.003152
0.003314
0.002626
0.004336
0.003640
0.002290
0.003133
0.003117
0.003536
0.003268
0.001691
0.002710
0.001476
0.002119
0.003703
0.000883
0.004821
0.002962
0.003558
0.002827
0.002705
0.001441
0.003535
0.003224
0.003038
0.001521
0.002466
0.003558
0.004359
0.003071
0.003834
0.002487
0.001864
0.003773
0.001324
0.003256
0.002053
0.002413
0.003525
0.003014
0.002156
0.001262
0.002233
0.001231
0.002729
0.004023
0.001846
0.003864
0.002864
0.001764
0.003529
0.002340
0.002599
0.002848
0.002962
0.002317
0.000398
0.002015
0.003861
0.002925
0.002688
0.001531
0.003053
0.002872
0.002144
0.002370
0.002554
0.003304
0.001926
0.001442
0.002054
0.002367
0.003929
0.002046
0.002730
0.003169
0.003238
0.002086
0.002513
0.002410
0.001937
0.003276
0.002123
0.001713
0.003613
0.003104
0.002701
0.003826
0.002657
0.002295
0.002590
0.001383
0.003723
0.003116
0.003119
0.003395
0.002722
0.002740
0.002616
0.003011
0.002006
0.000973
0.003403
0.002871
0.000910
0.002004
0.002191
0.001716
0.003112
0.002556
0.002961
0.002313
0.002314
0.001298
0.001688
0.002910
0.002518
0.003007
0.002412
0.000895
0.003215
0.002689
0.002504
0.002045
0.000880
0.002225
0.002246
0.002686
0.002967
0.001168
0.001065
0.003763
0.001758
0.001223
0.002491
0.004260
0.003685
0.002874
0.002959
0.002905
0.002497
0.002309
0.002323
0.002335
0.002413
0.003440
0.002202
0.004136
0.001215
0.003028
0.002837
0.001843
0.002144
0.001673
0.002409
0.002982
0.002049
0.001915
0.002864
0.001187
0.004391
0.003227
0.001790
0.002916
0.001644
0.003260
0.003014
0.002449
0.002757
0.002771
0.001984
0.003161
0.003044
0.001907
0.002241
0.002389
0.002058
