0.002983
0.007158
0.006594
0.005575
0.007440
0.005393
0.006297
0.006219
0.007052
0.005846
0.004391
0.006181
0.003456
0.005622
0.005564
0.005282
0.008125
0.005629
0.005602
0.005052
0.007234
0.004979
0.005220
0.004066
0.005624
0.005070
0.004921
0.005993
0.006902
0.003899
0.006074
0.004740
0.006351
0.003380
0.004048
0.006529
0.006232
0.005872
0.004451
0.006483
0.006349
0.004684
0.006080
0.005262
0.004711
0.005631
0.003267
0.003676
0.004222
0.005725
0.005307
0.004958
0.007197
0.007173
0.006155
0.003410
0.005648
0.004630
0.007888
0.004369
0.004959
0.003913
0.006345
0.004624
0.006450
0.005139
0.004099
0.005314
0.004401
0.008232
0.004108
0.002754
0.005294
0.006578
0.004583
0.003300
0.005380
0.006108
0.004202
0.006690
0.004182
0.005439
0.004713
0.004806
0.006456
0.006152
0.007111
0.004969
0.005836
0.007874
0.004368
0.006251
0.006939
0.006512
0.005582
0.006134
0.005965
0.006936
0.006917
0.007828
0.007022
0.005628
0.005215
0.005415
0.003778
0.003209
0.006128
0.003807
0.003392
0.005506
0.004988
0.006053
0.004836
0.003663
0.006684
0.003466
0.004580
0.006374
0.006680
0.005968
0.006679
0.004883
0.004224
0.003438
0.004319
0.006749
0.007694
0.006347
0.003068
0.003767
0.003589
0.003543
0.003858
0.002216
0.004330
0.005710
0.006058
0.005763
0.007435
0.002804
0.005553
0.005647
0.008041
0.005394
0.004741
0.002198
0.004452
0.006497
0.004122
0.008111
0.006532
0.004840
0.005715
0.006827
0.007166
0.003926
0.007380
0.006379
0.006173
0.005455
0.004918
0.007271
0.005261
0.005172
0.005257
0.004653
0.007292
0.004941
0.003869
0.006446
0.008699
0.007601
0.007848
0.005690
0.006851
0.005529
0.005116
0.007589
0.007967
0.007358
0.007354
