0.002132
0.002751
0.002345
0.002005
0.002759
0.001917
0.001505
0.002440
0.001407
0.002631
0.002267
0.001732
0.002112
0.002056
0.001949
0.002384
0.002181
0.002432
0.002852
0.002199
0.002374
0.003121
0.001680
0.001379
0.002195
0.002390
0.002487
0.002480
0.001512
0.000831
0.001030
0.001024
0.000873
0.001944
0.001757
0.002015
0.001524
0.001394
0.002043
0.001619
0.002256
0.001886
0.002415
0.002067
0.001967
0.001387
0.001439
0.002024
0.001832
0.003140
0.002699
0.001759
0.001521
0.002644
0.002317
0.002050
0.001217
0.001690
0.001361
0.001598
0.003301
0.002615
0.002066
0.002412
0.002906
0.002150
0.002378
0.001934
0.002286
0.001797
0.001945
0.002290
0.001704
0.001649
0.001868
0.001795
0.002081
0.002170
0.002115
0.002238
0.002266
0.002914
0.002073
0.002008
0.002151
0.002146
0.002375
0.001721
0.002340
0.002637
0.002757
0.001717
0.001895
0.002082
0.002368
0.002473
0.002025
0.003557
0.003222
0.003063
0.002817
0.003538
0.001814
0.002716
0.001802
0.001870
0.002251
0.001507
0.002401
0.002233
0.002489
0.000674
0.001366
0.001350
0.001242
0.002254
0.001522
0.001599
0.001219
0.001520
0.001568
0.001969
0.001385
0.001837
0.002905
0.001726
0.001816
0.001932
0.001737
0.002755
0.002173
0.002297
0.001593
0.001734
0.002213
0.001767
0.001862
0.001590
0.002988
0.001470
0.001215
0.003262
0.001587
0.001658
0.002169
0.002174
0.001900
0.002053
0.002034
0.002743
0.002275
0.002599
0.003520
0.002618
0.002432
0.001512
0.001575
0.001894
0.000741
0.001488
0.001462
0.001416
0.000962
0.001117
0.001290
0.001941
0.002226
0.003192
0.002038
0.001453
0.001927
0.001367
0.002434
0.002038
0.001812
0.000960
0.002808
0.002698
0.002406
0.002012
0.003000
0.001730
0.002475
0.002821
0.001923
0.000913
0.002378
0.001771
0.001814
0.002604
0.001962
0.002831
0.002200
0.001099
0.001484
0.001931
0.002359
0.001665
0.001808
0.001671
0.001378
0.001581
0.002426
0.001896
0.002734
0.001338
0.002161
0.001229
0.001324
0.002816
0.001899
0.002669
0.001935
0.001520
0.002805
0.002207
0.003079
0.002122
0.002258
0.002829
0.001896
0.001737
0.002868
0.002465
0.002329
0.002550
0.002402
0.001607
0.002251
0.002743
0.001771
0.003048
0.002301
0.002398
0.001737
0.002266
0.002324
0.002117
0.001940
0.001574
0.002750
0.002374
0.002218
0.002354
0.002331
0.001385
0.001901
0.002233
0.001944
0.002303
0.002362
0.002281
0.002100
0.001921
0.002303
0.002190
0.001750
0.001675
0.002474
0.001526
0.002770
0.002362
0.001894
0.002781
0.002107
0.001842
0.002369
0.001708
0.002233
0.001517
0.002256
0.001590
0.001695
0.001388
0.001063
0.002287
0.001150
0.003083
0.002504
0.001922
0.002006
0.001695
0.001753
0.002844
0.001627
0.001456
0.002046
0.001659
0.002286
0.001849
0.001660
0.001445
0.001483
0.001414
0.001925
0.001431
0.001323
0.002287
0.001535
0.001274
0.001030
0.002053
0.001839
0.002025
0.002486
0.001362
0.001854
0.001417
0.001653
0.001387
0.001635
0.001762
0.000684
0.002659
0.002386
0.002308
0.002656
0.002464
0.002209
0.001635
0.000836
0.002744
0.002751
0.001821
0.002003
0.001157
0.002079
0.001787
0.001505
0.003097
0.001926
0.001845
0.001509
0.001910
0.002326
0.001816
0.000988
0.001350
0.001533
0.002480
0.002175
0.002642
0.001844
0.001922
0.002001
0.000839
0.002868
0.002100
0.001780
0.001045
0.001607
0.001944
0.001724
0.001629
0.002004
0.000809
0.002393
0.001867
0.002327
0.002283
0.001464
0.002210
0.001904
0.002240
0.001950
0.001359
0.001801
0.001788
0.001911
0.002493
0.000735
0.002255
0.001620
0.002717
0.002155
0.001362
0.002375
0.001575
0.001697
0.001883
0.001829
0.001530
0.001589
0.002426
0.001041
0.001627
0.002253
0.001098
0.002326
0.002398
0.001783
0.001749
0.002281
0.001609
0.001562
0.001357
0.001736
0.001881
0.001013
0.001524
0.002825
0.002955
0.002306
0.000796
0.001823
0.002226
0.002190
0.001914
0.000715
0.001316
0.001689
0.001940
0.001866
0.000657
0.001830
0.001802
0.001421
0.002422
0.001097
0.002276
0.001406
0.001579
0.003279
0.001936
0.002609
0.001936
0.001884
0.001579
0.001532
0.002016
0.002233
0.002091
0.002174
0.001868
0.001727
0.001597
0.002370
0.001835
0.001941
0.002459
0.002360
0.001835
0.001771
0.001678
0.003297
0.001824
0.002938
0.002154
0.002016
0.001354
0.001230
0.002173
0.001963
0.003191
0.000638
0.002165
0.002244
0.002380
0.002080
0.002348
0.001376
0.001184
0.001791
0.002305
0.001649
0.001906
0.002008
0.001807
0.001096
0.002890
0.002104
0.001427
0.001114
0.001427
0.001940
0.001497
0.001242
0.001765
0.001445
0.001365
0.002021
0.002137
0.001482
0.002541
0.002211
0.001290
0.002048
0.002117
0.001768
0.001643
0.003072
0.003119
0.002099
0.001963
0.002068
0.002165
0.001929
0.002311
0.001908
0.001589
0.002344
0.001018
0.001308
0.001082
0.002467
0.001179
0.001288
