0.007942
0.003711
0.006029
0.007598
0.005303
0.005247
0.005252
0.006669
0.010694
0.010751
0.009504
0.011061
0.008041
0.008000
0.006862
0.003711
0.006029
0.003767
0.005365
0.008618
0.008057
0.004698
0.004797
0.006659
0.007503
0.006281
0.003452
0.003422
0.006161
0.004116
0.005880
0.006161
0.006753
0.008143
0.003711
0.007800
0.011694
0.007575
0.010063
0.006208
0.004913
0.005807
0.003701
0.006805
0.003355
0.005700
0.011364
0.005962
0.010006
0.009877
0.007688
0.007573
0.006713
0.007295
0.009751
0.009037
0.008721
0.004151
0.007477
0.008160
0.012339
0.009066
0.005135
0.006719
0.012608
0.007080
0.006261
0.008771
0.008346
0.007117
0.004147
0.007602
0.007438
0.004866
0.011387
0.009672
0.008861
0.009035
0.008283
0.009668
0.007901
0.010424
0.008504
0.008238
0.008794
0.008267
0.007925
0.010253
0.009403
0.006819
0.006253
0.005971
0.005890
0.012377
0.009138
0.008356
0.007547
0.005244
0.007120
0.006666
0.008166
0.008460
0.005826
0.005773
0.007630
0.005919
0.010837
0.003734
0.005861
0.006533
0.007467
0.008297
0.008672
0.009567
0.004283
0.006758
0.011165
0.006353
0.008954
0.008408
0.007460
0.008239
0.004925
0.008266
0.008296
0.006610
0.004618
0.008586
0.008313
0.007267
0.006796
0.004634
0.007023
0.007934
0.007354
0.006178
